0, 2
0.0628319, 2.37431
0.125664, 2.46832
0.188496, 2.49707
0.251327, 2.50653
0.314159, 2.51424
0.376991, 2.51683
0.439823, 2.52005
0.502655, 2.52894
0.565487, 2.53499
0.628319, 2.54039
0.69115, 2.54408
0.753982, 2.5499
0.816814, 2.55687
0.879646, 2.55617
0.942478, 2.5618
1.00531, 2.57012
1.06814, 2.57582
1.13097, 2.57855
1.19381, 2.58946
1.25664, 2.58908
1.31947, 2.59472
1.3823, 2.59714
1.44513, 2.60236
1.50796, 2.61043
1.5708, 2.6126
1.63363, 2.61787
1.69646, 2.62068
1.75929, 2.62583
1.82212, 2.63347
1.88496, 2.63573
1.94779, 2.64063
2.01062, 2.6419
2.07345, 2.64248
2.13628, 2.6494
2.19911, 2.6576
2.26195, 2.66399
2.32478, 2.66925
2.38761, 2.67618
2.45044, 2.67533
2.51327, 2.68036
2.57611, 2.6801
2.63894, 2.68757
2.70177, 2.69301
2.7646, 2.6949
2.82743, 2.70029
2.89027, 2.6992
2.9531, 2.70022
3.01593, 2.70382
3.07876, 2.70912
3.14159, 2.71363
3.20442, 2.72284
3.26726, 2.72604
3.33009, 2.72421
3.39292, 2.72797
3.45575, 2.73518
3.51858, 2.7343
3.58142, 2.73622
3.64425, 2.74486
3.70708, 2.74828
3.76991, 2.74826
3.83274, 2.74989
3.89557, 2.753
3.95841, 2.75419
4.02124, 2.76284
4.08407, 2.76615
4.1469, 2.76485
4.20973, 2.76992
4.27257, 2.77289
4.3354, 2.77699
4.39823, 2.77838
4.46106, 2.78304
4.52389, 2.7842
4.58673, 2.78246
4.64956, 2.78829
4.71239, 2.79349
4.77522, 2.78951
4.83805, 2.79224
4.90088, 2.796
4.96372, 2.79498
5.02655, 2.79804
5.08938, 2.8066
5.15221, 2.80121
5.21504, 2.80674
5.27788, 2.81135
5.34071, 2.81749
5.40354, 2.81712
5.46637, 2.81747
5.5292, 2.81964
5.59203, 2.82309
5.65487, 2.82304
5.7177, 2.8204
5.78053, 2.82545
5.84336, 2.83006
5.90619, 2.83189
5.96903, 2.83699
6.03186, 2.83957
6.09469, 2.8414
6.15752, 2.83982
6.22035, 2.84085
6.28319, 2.84502
6.34602, 2.84496
6.40885, 2.84682
6.47168, 2.84948
6.53451, 2.84768
6.59734, 2.85441
6.66018, 2.85581
6.72301, 2.85841
6.78584, 2.86128
6.84867, 2.86288
6.9115, 2.86225
6.97434, 2.86035
7.03717, 2.86659
7.1, 2.86633
7.16283, 2.87461
7.22566, 2.87193
7.28849, 2.87166
7.35133, 2.87628
7.41416, 2.87505
7.47699, 2.87588
7.53982, 2.8768
7.60265, 2.8756
7.66549, 2.87996
7.72832, 2.88144
7.79115, 2.88124
7.85398, 2.88729
7.91681, 2.88439
7.97965, 2.88575
8.04248, 2.88984
8.10531, 2.89034
8.16814, 2.89206
8.23097, 2.89138
8.2938, 2.89559
8.35664, 2.8963
8.41947, 2.89697
8.4823, 2.90143
8.54513, 2.90125
8.60796, 2.90049
8.6708, 2.89987
8.73363, 2.90394
8.79646, 2.90769
8.85929, 2.90634
8.92212, 2.9071
8.98495, 2.91141
9.04779, 2.9093
9.11062, 2.90921
9.17345, 2.91165
9.23628, 2.90702
9.29911, 2.91229
9.36195, 2.91449
9.42478, 2.9165
9.48761, 2.91709
9.55044, 2.92001
9.61327, 2.92306
9.67611, 2.92331
9.73894, 2.91982
9.80177, 2.92385
9.8646, 2.92549
9.92743, 2.9187
9.99026, 2.92449
10.0531, 2.92244
10.1159, 2.92792
10.1788, 2.9275
10.2416, 2.92554
10.3044, 2.93242
10.3673, 2.93079
10.4301, 2.93226
10.4929, 2.93379
10.5558, 2.93197
10.6186, 2.93335
10.6814, 2.93349
10.7442, 2.93769
10.8071, 2.94026
10.8699, 2.93979
10.9327, 2.93896
10.9956, 2.93693
11.0584, 2.93792
11.1212, 2.93979
11.1841, 2.93742
11.2469, 2.9415
11.3097, 2.94019
11.3726, 2.94036
11.4354, 2.94349
11.4982, 2.94391
11.5611, 2.94354
11.6239, 2.94579
11.6867, 2.95056
11.7496, 2.94648
11.8124, 2.94689
11.8752, 2.95075
11.9381, 2.94912
12.0009, 2.9488
12.0637, 2.94992
12.1265, 2.94812
12.1894, 2.94908
12.2522, 2.95115
12.315, 2.95096
12.3779, 2.94559
12.4407, 2.95065
12.5035, 2.95157
12.5664, 2.95515
12.6292, 2.95521
12.692, 2.95687
12.7549, 2.95671
12.8177, 2.95575
12.8805, 2.956
12.9434, 2.95309
13.0062, 2.95581
13.069, 2.96141
13.1319, 2.95985
13.1947, 2.96265
13.2575, 2.9616
13.3204, 2.96137
13.3832, 2.95871
13.446, 2.95886
13.5088, 2.9614
13.5717, 2.96485
13.6345, 2.9636
13.6973, 2.96264
13.7602, 2.96238
13.823, 2.96413
13.8858, 2.96365
13.9487, 2.96892
14.0115, 2.96731
14.0743, 2.96806
14.1372, 2.96571
14.2, 2.96894
14.2628, 2.97117
14.3257, 2.9707
14.3885, 2.97243
14.4513, 2.9726
14.5142, 2.9727
14.577, 2.97459
14.6398, 2.97301
14.7027, 2.96901
14.7655, 2.96998
14.8283, 2.97272
14.8911, 2.97009
14.954, 2.97006
15.0168, 2.97256
15.0796, 2.97492
15.1425, 2.97329
15.2053, 2.97178
15.2681, 2.97178
15.331, 2.97326
15.3938, 2.97687
15.4566, 2.97474
15.5195, 2.97169
15.5823, 2.97321
15.6451, 2.97813
15.708, 2.97799
15.7708, 2.97498
15.8336, 2.97669
15.8965, 2.98068
15.9593, 2.9784
16.0221, 2.97573
16.085, 2.97703
16.1478, 2.97867
16.2106, 2.98019
16.2734, 2.97619
16.3363, 2.97726
16.3991, 2.97626
16.4619, 2.98157
16.5248, 2.9816
16.5876, 2.97914
16.6504, 2.98301
16.7133, 2.98239
16.7761, 2.97995
16.8389, 2.97756
16.9018, 2.9807
16.9646, 2.98142
17.0274, 2.9815
17.0903, 2.98109
17.1531, 2.9834
17.2159, 2.98052
17.2788, 2.97837
17.3416, 2.98026
17.4044, 2.98242
17.4673, 2.97972
17.5301, 2.98415
17.5929, 2.98524
17.6558, 2.98463
17.7186, 2.98442
17.7814, 2.98452
17.8442, 2.98409
17.9071, 2.98777
17.9699, 2.98285
18.0327, 2.98622
18.0956, 2.98668
18.1584, 2.98584
18.2212, 2.9865
18.2841, 2.98752
18.3469, 2.98761
18.4097, 2.98842
18.4726, 2.98775
18.5354, 2.98752
18.5982, 2.98634
18.6611, 2.98769
18.7239, 2.98769
18.7867, 2.98706
18.8496, 2.99071
18.9124, 2.98676
18.9752, 2.98944
19.0381, 2.98869
19.1009, 2.98596
19.1637, 2.98473
19.2265, 2.99171
19.2894, 2.9891
19.3522, 2.98874
19.415, 2.98779
19.4779, 2.98975
19.5407, 2.99144
19.6035, 2.98974
19.6664, 2.99145
19.7292, 2.98897
19.792, 2.99159
19.8549, 2.99094
19.9177, 2.98983
19.9805, 2.99046
20.0434, 2.99045
20.1062, 2.99235
20.169, 2.99073
20.2319, 2.99139
20.2947, 2.98904
20.3575, 2.98996
20.4204, 2.98879
20.4832, 2.98952
20.546, 2.98894
20.6088, 2.98897
20.6717, 2.99088
20.7345, 2.99107
20.7973, 2.99376
20.8602, 2.99519
20.923, 2.99622
20.9858, 2.99667
21.0487, 2.99138
21.1115, 2.99152
21.1743, 2.99336
21.2372, 2.99115
21.3, 2.99041
21.3628, 2.98842
21.4257, 2.99021
21.4885, 2.99325
21.5513, 2.99581
21.6142, 2.99419
21.677, 2.99246
21.7398, 2.98793
21.8027, 2.99267
21.8655, 2.9935
21.9283, 2.99289
21.9911, 2.99172
22.054, 2.98981
22.1168, 2.99083
22.1796, 2.9936
22.2425, 2.99045
22.3053, 2.99218
22.3681, 2.99208
22.431, 2.99268
22.4938, 2.99657
22.5566, 2.99205
22.6195, 2.9927
22.6823, 2.99496
22.7451, 2.99108
22.808, 2.99506
22.8708, 2.99164
22.9336, 2.99373
22.9965, 2.99118
23.0593, 2.99837
23.1221, 2.99177
23.185, 2.9947
23.2478, 2.99471
23.3106, 2.99621
23.3734, 2.99722
23.4363, 2.9963
23.4991, 2.99634
23.5619, 2.99547
23.6248, 2.99585
23.6876, 2.99588
23.7504, 2.99596
23.8133, 2.9949
23.8761, 2.99742
23.9389, 2.99632
24.0018, 2.99915
24.0646, 2.99524
24.1274, 2.9927
24.1903, 2.99303
24.2531, 2.99388
24.3159, 2.99942
24.3788, 2.99807
24.4416, 2.99646
24.5044, 2.99178
24.5673, 2.99917
24.6301, 2.9975
24.6929, 2.99875
24.7558, 2.99817
24.8186, 2.99557
24.8814, 2.99766
24.9442, 2.99998
25.0071, 2.99421
25.0699, 2.99652
25.1327, 2.99799
25.1956, 2.99453
25.2584, 2.99654
25.3212, 3.00163
25.3841, 3.00246
25.4469, 2.99992
25.5097, 2.99352
25.5726, 2.99643
25.6354, 2.99833
25.6982, 2.99838
25.7611, 2.9935
25.8239, 2.99701
25.8867, 2.99813
25.9496, 2.99713
26.0124, 2.99843
26.0752, 2.99902
26.1381, 2.99766
26.2009, 2.9971
26.2637, 2.99818
26.3265, 2.99651
26.3894, 2.9977
26.4522, 2.99611
26.515, 2.99758
26.5779, 2.99622
26.6407, 2.99146
26.7035, 2.99379
26.7664, 2.99378
26.8292, 2.99296
26.892, 2.99467
26.9549, 2.99372
27.0177, 2.99288
27.0805, 2.99615
27.1434, 2.99309
27.2062, 2.99549
27.269, 2.99704
27.3319, 2.99399
27.3947, 2.99519
27.4575, 2.99074
27.5204, 2.99236
27.5832, 2.99277
27.646, 2.99481
27.7088, 2.99587
27.7717, 2.99144
27.8345, 2.99292
27.8973, 2.99484
27.9602, 2.99838
28.023, 2.99408
28.0858, 2.99622
28.1487, 2.99425
28.2115, 2.99267
28.2743, 2.99706
28.3372, 2.99738
28.4, 3.00044
28.4628, 2.9994
28.5257, 2.99488
28.5885, 2.99565
28.6513, 2.99301
28.7142, 2.99438
28.777, 2.99181
28.8398, 2.99265
28.9027, 2.99471
28.9655, 2.99714
29.0283, 3.00007
29.0911, 2.99959
29.154, 2.99777
29.2168, 2.99216
29.2796, 2.99459
29.3425, 2.99393
29.4053, 2.99651
29.4681, 2.99817
29.531, 2.99674
29.5938, 2.99556
29.6566, 2.99659
29.7195, 3.00142
29.7823, 3.00006
29.8451, 2.99633
29.908, 2.99974
29.9708, 2.99428
30.0336, 2.9942
30.0965, 2.99489
30.1593, 2.9964
30.2221, 2.99265
30.285, 2.99501
30.3478, 2.99604
30.4106, 2.99873
30.4734, 2.99883
30.5363, 2.99628
30.5991, 2.99926
30.6619, 2.9991
30.7248, 3.0013
30.7876, 2.9964
30.8504, 2.9976
30.9133, 2.99692
30.9761, 2.99727
31.0389, 2.99931
31.1018, 2.99998
31.1646, 2.99594
31.2274, 2.99465
31.2903, 3.00126
31.3531, 2.99821
31.4159, 2.99611
31.4788, 2.99781
31.5416, 2.99779
31.6044, 2.99646
31.6673, 3.00227
31.7301, 3.00023
31.7929, 2.99709
31.8557, 2.99711
31.9186, 2.99769
31.9814, 2.99921
32.0442, 3.00027
32.1071, 2.99804
32.1699, 2.99659
32.2327, 3.00081
32.2956, 2.99502
32.3584, 2.99929
32.4212, 3.00166
32.4841, 2.99671
32.5469, 2.99992
32.6097, 2.99849
32.6726, 2.99797
32.7354, 3.00476
32.7982, 3.00022
32.8611, 3.00002
32.9239, 2.99942
32.9867, 2.99866
33.0496, 3.00114
33.1124, 2.99761
33.1752, 2.99842
33.2381, 2.99799
33.3009, 2.99691
33.3637, 3.00001
33.4265, 2.99718
33.4894, 2.99638
33.5522, 2.99681
33.615, 2.99772
33.6779, 2.99563
33.7407, 2.99864
33.8035, 2.99718
33.8664, 2.99853
33.9292, 3.00172
33.992, 3.00132
34.0549, 2.99884
34.1177, 3.00669
34.1805, 3.00225
34.2434, 3.00483
34.3062, 3.00182
34.369, 2.99989
34.4319, 3.00497
34.4947, 3.00317
34.5575, 3.00433
34.6204, 3.00544
34.6832, 3.00677
34.746, 3.00527
34.8088, 3.00462
34.8717, 3.00747
34.9345, 3.00268
34.9973, 3.00832
35.0602, 3.00481
35.123, 3.00364
35.1858, 3.0005
35.2487, 3.00002
35.3115, 3.00364
35.3743, 3.00345
35.4372, 3.00131
35.5, 3.00339
35.5628, 2.99765
35.6257, 3.00468
35.6885, 3.00223
35.7513, 3.00363
35.8142, 3.00264
35.877, 3.00205
35.9398, 3.00579
36.0027, 3.00341
36.0655, 3.00221
36.1283, 3.00282
36.1911, 3.00065
36.254, 3.00272
36.3168, 3.00157
36.3796, 2.9979
36.4425, 2.99957
36.5053, 3.00183
36.5681, 3.00646
36.631, 3.0014
36.6938, 3.00168
36.7566, 2.9992
36.8195, 3.0034
36.8823, 3.00259
36.9451, 3.00151
37.008, 3.00215
37.0708, 2.99748
37.1336, 3.0001
37.1965, 3.00183
37.2593, 3.00307
37.3221, 3.00199
37.385, 3.0025
37.4478, 3.00194
37.5106, 3.00213
37.5734, 3.00116
37.6363, 2.99999
37.6991, 3.00268
37.7619, 3.00208
37.8248, 3.00297
37.8876, 3.0004
37.9504, 3.00178
38.0133, 3.00342
38.0761, 3.00122
38.1389, 3.00212
38.2018, 2.99928
38.2646, 3.00505
38.3274, 3.00209
38.3903, 2.99943
38.4531, 3.00482
38.5159, 3.00647
38.5788, 3.00287
38.6416, 3.00391
38.7044, 3.00258
38.7673, 2.99598
38.8301, 3.00095
38.8929, 2.99991
38.9557, 3.00528
39.0186, 3.00448
39.0814, 3.00705
39.1442, 3.00449
39.2071, 3.00245
39.2699, 3.00305
39.3327, 3.00211
39.3956, 3.00005
39.4584, 3.00112
39.5212, 3.00145
39.5841, 3.00399
39.6469, 3.00198
39.7097, 2.99713
39.7726, 2.99888
39.8354, 2.99657
39.8982, 2.9959
39.9611, 2.99918
40.0239, 3.00404
40.0867, 3.00018
40.1496, 3.00138
40.2124, 3.0017
40.2752, 2.99817
40.338, 2.99952
40.4009, 2.99664
40.4637, 2.99567
40.5265, 2.99932
40.5894, 2.99579
40.6522, 3.0012
40.715, 2.99938
40.7779, 3.00056
40.8407, 2.99975
40.9035, 2.99899
40.9664, 2.99747
41.0292, 3.00191
41.092, 2.99947
41.1549, 2.99907
41.2177, 3.00219
41.2805, 2.99724
41.3434, 2.99916
41.4062, 3.002
41.469, 3.00072
41.5319, 2.99352
41.5947, 2.99635
41.6575, 2.99639
41.7204, 3.00042
41.7832, 2.99987
41.846, 2.99975
41.9088, 2.99793
41.9717, 3.00044
42.0345, 3.00307
42.0973, 3.00379
42.1602, 3.00183
42.223, 3.0009
42.2858, 2.99988
42.3487, 3.00004
42.4115, 3.00036
42.4743, 3.00141
42.5372, 2.998
42.6, 3.00269
42.6628, 3.00223
42.7257, 2.99962
42.7885, 3.00013
42.8513, 2.99838
42.9142, 3.00106
42.977, 3.00333
43.0398, 2.99989
43.1027, 3.00148
43.1655, 3.00213
43.2283, 3.00371
43.2911, 3.00474
43.354, 3.006
43.4168, 3.00368
43.4796, 3.00401
43.5425, 3.00055
43.6053, 3.00139
43.6681, 3.00163
43.731, 3.00199
43.7938, 3.00246
43.8566, 3.00277
43.9195, 3.00035
43.9823, 2.99958
44.0451, 3.00358
44.108, 3.00459
44.1708, 3.0032
44.2336, 3.00226
44.2965, 2.99986
44.3593, 3.00044
44.4221, 3.00227
44.485, 2.99937
44.5478, 2.99854
44.6106, 3.00009
44.6734, 3.0034
44.7363, 2.99901
44.7991, 3.00222
44.8619, 3.00099
44.9248, 3.00044
44.9876, 3.00046
45.0504, 3.00102
45.1133, 3.00045
45.1761, 2.99984
45.2389, 3.00039
45.3018, 3
45.3646, 2.9987
45.4274, 2.99902
45.4903, 3.00099
45.5531, 3.00234
45.6159, 3.0003
45.6788, 3.00171
45.7416, 2.99851
45.8044, 2.99921
45.8673, 3.00494
45.9301, 3.00354
45.9929, 3.00017
46.0557, 3.00154
46.1186, 2.99962
46.1814, 3.00202
46.2442, 2.99934
46.3071, 2.99747
46.3699, 3.00185
46.4327, 3.00359
46.4956, 2.99897
46.5584, 2.9959
46.6212, 3.00162
46.6841, 2.9993
46.7469, 3.00268
46.8097, 3.00182
46.8726, 2.99617
46.9354, 3.00187
46.9982, 3.00041
47.0611, 3.00182
47.1239, 3.00152
47.1867, 2.99927
47.2496, 3.00306
47.3124, 3.00603
47.3752, 3.00032
47.438, 3.00736
47.5009, 3.00441
47.5637, 3.00461
47.6265, 2.99929
47.6894, 3.00436
47.7522, 3.00243
47.815, 3.00389
47.8779, 3.00777
47.9407, 3.00349
48.0035, 3.00487
48.0664, 3.002
48.1292, 3.00272
48.192, 3.00196
48.2549, 3.00424
48.3177, 3.00315
48.3805, 3.00222
48.4434, 3.00378
48.5062, 2.99876
48.569, 3.00233
48.6319, 3.00116
48.6947, 3.00342
48.7575, 3.00184
48.8203, 3.00464
48.8832, 3.00406
48.946, 3.00484
49.0088, 3.0101
49.0717, 3.00498
49.1345, 3.00523
49.1973, 3.00457
49.2602, 3.00664
49.323, 3.00725
49.3858, 3.00562
49.4487, 3.00628
49.5115, 3.00457
49.5743, 3.00576
49.6372, 3.00449
49.7, 3.00439
49.7628, 3.00593
49.8257, 3.00782
49.8885, 3.00608
49.9513, 3.00411
50.0142, 3.00445
50.077, 3.00883
50.1398, 3.00303
50.2027, 3.0042
50.2655, 3.00484
50.3283, 3.00466
50.3911, 3.00758
50.454, 3.00559
50.5168, 3.00498
50.5796, 3.00659
50.6425, 3.00809
50.7053, 3.00692
50.7681, 3.00585
50.831, 3.00406
50.8938, 3.00652
50.9566, 3.00613
51.0195, 3.0044
51.0823, 3.00542
51.1451, 3.00606
51.208, 3.0065
51.2708, 3.00661
51.3336, 3.00824
51.3965, 3.0057
51.4593, 3.00285
51.5221, 3.00612
51.585, 3.00239
51.6478, 3.00359
51.7106, 3.00258
51.7734, 3.00624
51.8363, 3.00374
51.8991, 3.00472
51.9619, 3.00495
52.0248, 3.00215
52.0876, 3.00828
52.1504, 3.00869
52.2133, 3.00873
52.2761, 3.00762
52.3389, 3.00124
52.4018, 3.0062
52.4646, 3.00349
52.5274, 3.00711
52.5903, 3.00705
52.6531, 3.00264
52.7159, 3.00717
52.7788, 3.00625
52.8416, 3.00537
52.9044, 3.00464
52.9673, 2.99866
53.0301, 3.00564
53.0929, 3.00912
53.1557, 3.00709
53.2186, 3.00425
53.2814, 3.00517
53.3442, 3.00266
53.4071, 3.00469
53.4699, 3.00672
53.5327, 3.00661
53.5956, 3.00569
53.6584, 3.00537
53.7212, 3.00879
53.7841, 3.00409
53.8469, 3.00168
53.9097, 3.00297
53.9726, 3.0027
54.0354, 3.00521
54.0982, 3.00572
54.1611, 3.00653
54.2239, 3.00652
54.2867, 3.00694
54.3496, 3.00641
54.4124, 3.00852
54.4752, 3.00684
54.538, 3.00472
54.6009, 3.00666
54.6637, 3.00291
54.7265, 3.00336
54.7894, 3.00283
54.8522, 3.0041
54.915, 3.00488
54.9779, 3.00365
55.0407, 3.00674
55.1035, 3.00567
55.1664, 3.00601
55.2292, 3.00783
55.292, 3.00448
55.3549, 3.0021
55.4177, 3.00561
55.4805, 3.00703
55.5434, 3.01014
55.6062, 3.00872
55.669, 3.00413
55.7319, 3.00626
55.7947, 3.0067
55.8575, 3.00773
55.9203, 3.009
55.9832, 3.00495
56.046, 3.00341
56.1088, 3.00584
56.1717, 3.0101
56.2345, 3.00553
56.2973, 3.00903
56.3602, 3.00677
56.423, 3.00834
56.4858, 3.0082
56.5487, 3.00761
56.6115, 3.00552
56.6743, 3.00812
56.7372, 3.00754
56.8, 3.00349
56.8628, 3.00263
56.9257, 3.00355
56.9885, 3.00542
57.0513, 3.00586
57.1142, 3.00595
57.177, 3.00889
57.2398, 3.0092
57.3027, 3.00666
57.3655, 3.00933
57.4283, 3.0069
57.4911, 3.00466
57.554, 3.0082
57.6168, 3.00397
57.6796, 3.00979
57.7425, 3.01041
57.8053, 3.00819
57.8681, 3.00664
57.931, 3.00708
57.9938, 3.00967
58.0566, 3.00685
58.1195, 3.00312
58.1823, 3.00482
58.2451, 3.00454
58.308, 3.00679
58.3708, 3.00994
58.4336, 3.00964
58.4965, 3.01229
58.5593, 3.00659
58.6221, 3.00323
58.685, 3.00322
58.7478, 3.00657
58.8106, 3.00871
58.8734, 3.01164
58.9363, 3.01096
58.9991, 3.0078
59.0619, 3.00727
59.1248, 3.00701
59.1876, 3.00697
59.2504, 3.00898
59.3133, 3.00561
59.3761, 3.00869
59.4389, 3.00899
59.5018, 3.01016
59.5646, 3.00753
59.6274, 3.00623
59.6903, 3.00684
59.7531, 3.00125
59.8159, 3.00408
59.8788, 3.00566
59.9416, 3.00422
60.0044, 3.00514
60.0673, 3.00598
60.1301, 3.00511
60.1929, 3.00345
60.2557, 3.00623
60.3186, 3.00088
60.3814, 3.0039
60.4442, 3.00672
60.5071, 3.00547
60.5699, 3.00273
60.6327, 3.00458
60.6956, 3.00259
60.7584, 3.00461
60.8212, 3.00361
60.8841, 3.01113
60.9469, 3.0091
61.0097, 3.00507
61.0726, 3.00525
61.1354, 3.0051
61.1982, 3.00783
61.2611, 3.00608
61.3239, 3.00861
61.3867, 3.00394
61.4496, 3.0032
61.5124, 3.00594
61.5752, 3.00418
61.638, 3.00436
61.7009, 3.00156
61.7637, 3.00327
61.8265, 3.00432
61.8894, 3.00221
61.9522, 3.00508
62.015, 3.00993
62.0779, 3.00475
62.1407, 3.00376
62.2035, 3.00505
62.2664, 3.00476
62.3292, 3.00646
62.392, 3.0049
62.4549, 3.00418
62.5177, 3.00411
62.5805, 3.00446
62.6434, 3.00249
62.7062, 3.0064
62.769, 3.00678
62.8319, 3.00902
62.8947, 3.00621
62.9575, 3.00449
63.0203, 3.00479
63.0832, 3.00197
63.146, 3.00189
63.2088, 3.00651
63.2717, 3.00573
63.3345, 3.00669
63.3973, 3.00426
63.4602, 3.01104
63.523, 3.0058
63.5858, 3.00871
63.6487, 3.00499
63.7115, 3.0051
63.7743, 3.00445
63.8372, 3.00239
63.9, 3.00202
63.9628, 3.00707
64.0257, 3.0075
64.0885, 3.00775
64.1513, 3.00679
64.2142, 3.00245
64.277, 3.00485
64.3398, 3.00981
64.4026, 3.00365
64.4655, 3.0055
64.5283, 3.00412
64.5911, 3.0057
64.654, 3.0051
64.7168, 3.00314
64.7796, 3.00398
64.8425, 3.00316
64.9053, 3.00698
64.9681, 3.00832
65.031, 3.00375
65.0938, 3.006
65.1566, 3.00856
65.2195, 3.00411
65.2823, 3.00633
65.3451, 3.00478
65.408, 3.00254
65.4708, 3.0064
65.5336, 3.00358
65.5965, 3.00375
65.6593, 3.00514
65.7221, 3.0064
65.785, 3.00431
65.8478, 3.00219
65.9106, 2.99982
65.9734, 3.00178
66.0363, 3.00127
66.0991, 3.00319
66.1619, 3.00692
66.2248, 3.00166
66.2876, 3
66.3504, 3.00287
66.4133, 3.00206
66.4761, 2.99941
66.5389, 3.00084
66.6018, 3.0021
66.6646, 3.00407
66.7274, 3.00324
66.7903, 3.00233
66.8531, 3.00152
66.9159, 3.00474
66.9788, 3.00475
67.0416, 3.0032
67.1044, 3.00402
67.1673, 3.00221
67.2301, 3.00239
67.2929, 3.00043
67.3557, 3.00007
67.4186, 2.99829
67.4814, 3.0042
67.5442, 3.00302
67.6071, 3.00338
67.6699, 3.00045
67.7327, 3.00017
67.7956, 2.99956
67.8584, 2.99939
67.9212, 2.99638
67.9841, 3.00205
68.0469, 3.0015
68.1097, 2.99989
68.1726, 2.99748
68.2354, 2.9981
68.2982, 2.99792
68.3611, 2.99785
68.4239, 3.00015
68.4867, 3.00351
68.5496, 3.00651
68.6124, 2.9962
68.6752, 2.997
68.738, 3.00175
68.8009, 2.99742
68.8637, 3.00057
68.9265, 3.00291
68.9894, 2.99812
69.0522, 2.99884
69.115, 3.00054
69.1779, 3.00122
69.2407, 3.00077
69.3035, 2.99897
69.3664, 2.998
69.4292, 2.99621
69.492, 2.99574
69.5549, 3.00153
69.6177, 2.99941
69.6805, 3.0009
69.7434, 3.00086
69.8062, 2.99621
69.869, 2.99538
69.9319, 3.00117
69.9947, 2.99659
70.0575, 2.99269
70.1203, 3.00001
70.1832, 2.99938
70.246, 3.00469
70.3088, 3.0021
70.3717, 3.00282
70.4345, 2.99897
70.4973, 2.99769
70.5602, 3.00114
70.623, 2.99815
70.6858, 3.002
70.7487, 3.00012
70.8115, 2.99609
70.8743, 3.00007
70.9372, 2.99914
71, 2.99551
71.0628, 3.00013
71.1257, 2.99906
71.1885, 3.00043
71.2513, 2.99623
71.3142, 2.99783
71.377, 2.99711
71.4398, 2.99867
71.5026, 2.99587
71.5655, 3.00094
71.6283, 3.002
71.6911, 2.99785
71.754, 2.9962
71.8168, 2.9968
71.8796, 2.99566
71.9425, 2.99509
72.0053, 3.00041
72.0681, 3.00123
72.131, 2.99663
72.1938, 2.99291
72.2566, 2.99756
72.3195, 3.00047
72.3823, 2.99691
72.4451, 2.9973
72.508, 2.99998
72.5708, 2.99801
72.6336, 2.9992
72.6965, 2.99621
72.7593, 2.99957
72.8221, 3.00303
72.8849, 3.00015
72.9478, 2.99953
73.0106, 2.99938
73.0734, 2.99964
73.1363, 3.00121
73.1991, 3.0004
73.2619, 3.00251
73.3248, 3.00357
73.3876, 2.99926
73.4504, 2.99639
73.5133, 3.00015
73.5761, 2.99824
73.6389, 3.00029
73.7018, 3.00365
73.7646, 3.00177
73.8274, 3.00299
73.8903, 3.00067
73.9531, 3.00255
74.0159, 3.00583
74.0788, 3.00031
74.1416, 3.00013
74.2044, 3.0019
74.2673, 3.00147
74.3301, 3.00027
74.3929, 3.00391
74.4557, 3.00314
74.5186, 2.99712
74.5814, 3.00553
74.6442, 3.00175
74.7071, 3.00041
74.7699, 3.00106
74.8327, 3.00072
74.8956, 3.00038
74.9584, 3.00016
75.0212, 3.0027
75.0841, 3.00577
75.1469, 3.00257
75.2097, 3.00584
75.2726, 3.00357
75.3354, 3.00532
75.3982, 3.00649
75.4611, 3.00322
75.5239, 2.99917
75.5867, 3.00372
75.6496, 3.00445
75.7124, 3.002
75.7752, 2.99991
75.838, 2.99726
75.9009, 2.99844
75.9637, 2.99775
76.0265, 3.00191
76.0894, 3.00271
76.1522, 3.00485
76.215, 3.00275
76.2779, 2.99808
76.3407, 2.99957
76.4035, 3.00056
76.4664, 3.00258
76.5292, 2.99936
76.592, 3.00113
76.6549, 3.00233
76.7177, 3.00102
76.7805, 3.0014
76.8434, 3.00236
76.9062, 3.00244
76.969, 3.00365
77.0319, 3.00115
77.0947, 3.00236
77.1575, 3.00105
77.2203, 3.00183
77.2832, 3.00077
77.346, 3.00535
77.4088, 3.00155
77.4717, 3.00614
77.5345, 3.00279
77.5973, 2.99971
77.6602, 3.00372
77.723, 2.9997
77.7858, 3.00044
77.8487, 3.00064
77.9115, 3.00152
77.9743, 3.00089
78.0372, 2.99938
78.1, 2.99772
78.1628, 2.99875
78.2257, 2.99964
78.2885, 3.00054
78.3513, 2.99693
78.4142, 2.99877
78.477, 3.00055
78.5398, 2.9995
78.6026, 2.9994
78.6655, 3.00082
78.7283, 3.00419
78.7911, 3.00168
78.854, 3.00247
78.9168, 2.99946
78.9796, 2.99462
79.0425, 2.996
79.1053, 2.99892
79.1681, 2.99891
79.231, 2.99651
79.2938, 2.99491
79.3566, 2.99945
79.4195, 2.99776
79.4823, 2.99808
79.5451, 3.00024
79.608, 3.00238
79.6708, 3.00221
79.7336, 3.00047
79.7965, 3.00058
79.8593, 2.99611
79.9221, 2.99833
79.9849, 2.99705
80.0478, 2.99992
80.1106, 2.9978
80.1734, 3.00048
80.2363, 2.99888
80.2991, 2.99838
80.3619, 2.99893
80.4248, 2.9972
80.4876, 2.99808
80.5504, 2.99937
80.6133, 2.99854
80.6761, 2.99937
80.7389, 2.99851
80.8018, 3.00036
80.8646, 2.99886
80.9274, 3.0012
80.9903, 2.99929
81.0531, 2.99895
81.1159, 2.9978
81.1788, 2.99733
81.2416, 2.99816
81.3044, 2.99533
81.3672, 2.99454
81.4301, 2.99767
81.4929, 2.99997
81.5557, 3.00161
81.6186, 3.0009
81.6814, 2.99583
81.7442, 2.99759
81.8071, 3.0004
81.8699, 2.99938
81.9327, 2.99895
81.9956, 2.99892
82.0584, 2.9974
82.1212, 2.9983
82.1841, 2.99961
82.2469, 3.00106
82.3097, 2.9948
82.3726, 2.99823
82.4354, 2.99567
82.4982, 2.99939
82.5611, 3.00445
82.6239, 3.0008
82.6867, 3.00306
82.7496, 2.99986
82.8124, 3.00441
82.8752, 3.00082
82.938, 2.99741
83.0009, 3.00075
83.0637, 2.99822
83.1265, 2.99843
83.1894, 2.999
83.2522, 3.00111
83.315, 3.00018
83.3779, 2.99868
83.4407, 2.99957
83.5035, 3.00211
83.5664, 3.00008
83.6292, 2.99738
83.692, 3.00232
83.7549, 2.99771
83.8177, 2.99812
83.8805, 2.99863
83.9434, 2.9985
84.0062, 2.99915
84.069, 3.00135
84.1319, 3.00209
84.1947, 3.00046
84.2575, 3.00119
84.3203, 2.99774
84.3832, 2.99862
84.446, 3.00139
84.5088, 2.99713
84.5717, 3.00042
84.6345, 3.00237
84.6973, 3.00122
84.7602, 2.99925
84.823, 3.00082
84.8858, 2.99937
84.9487, 3.00007
85.0115, 2.9992
85.0743, 3.00101
85.1372, 2.99738
85.2, 2.99889
85.2628, 2.99747
85.3257, 2.99891
85.3885, 2.99839
85.4513, 3.00028
85.5142, 3.00003
85.577, 3.002
85.6398, 2.99898
85.7026, 3.00436
85.7655, 2.99853
85.8283, 2.99847
85.8911, 2.99497
85.954, 3.00229
86.0168, 3.00492
86.0796, 3.00033
86.1425, 3.00055
86.2053, 2.9983
86.2681, 2.99854
86.331, 2.99886
86.3938, 3.00173
86.4566, 3.00218
86.5195, 2.99957
86.5823, 2.99873
86.6451, 3.00088
86.708, 2.99853
86.7708, 2.99953
86.8336, 3.00264
86.8965, 3.00287
86.9593, 3.00051
87.0221, 2.99904
87.0849, 3.00049
87.1478, 2.99922
87.2106, 3.00334
87.2734, 3.00068
87.3363, 2.99476
87.3991, 2.99755
87.4619, 3.00134
87.5248, 2.99957
87.5876, 3.00203
87.6504, 2.99687
87.7133, 2.99955
87.7761, 2.99933
87.8389, 3.00138
87.9018, 3.00017
87.9646, 2.99883
88.0274, 2.99829
88.0903, 3.00074
88.1531, 2.99995
88.2159, 2.99599
88.2788, 2.99804
88.3416, 3.00218
88.4044, 2.99527
88.4672, 2.99969
88.5301, 2.99761
88.5929, 2.99783
88.6557, 2.99632
88.7186, 2.99995
88.7814, 2.99563
88.8442, 2.99752
88.9071, 3.00111
88.9699, 2.9974
89.0327, 2.99983
89.0956, 2.9986
89.1584, 2.99789
89.2212, 3.00087
89.2841, 3.00143
89.3469, 3.00077
89.4097, 2.99971
89.4726, 3.00242
89.5354, 3.00346
89.5982, 3.00095
89.6611, 2.99755
89.7239, 2.99835
89.7867, 2.99962
89.8495, 2.99974
89.9124, 3.00757
89.9752, 3.00282
90.038, 3.00249
90.1009, 3.00377
90.1637, 3.00372
90.2265, 3.00327
90.2894, 3.00213
90.3522, 3.00355
90.415, 3.0042
90.4779, 3.00102
90.5407, 3.00333
90.6035, 3.00182
90.6664, 3.0037
90.7292, 2.99763
90.792, 3.00299
90.8549, 3.00068
90.9177, 2.9984
90.9805, 2.99981
91.0434, 2.99753
91.1062, 2.99872
91.169, 2.99746
91.2319, 3.00187
91.2947, 2.99755
91.3575, 2.99518
91.4203, 2.9997
91.4832, 2.99811
91.546, 2.99986
91.6088, 3.00027
91.6717, 3.00241
91.7345, 3.00171
91.7973, 2.99953
91.8602, 2.99776
91.923, 2.99795
91.9858, 2.99675
92.0487, 2.99731
92.1115, 2.99882
92.1743, 2.99933
92.2372, 3.00066
92.3, 3.00672
92.3628, 2.99677
92.4257, 3.00083
92.4885, 3.00111
92.5513, 3.00026
92.6142, 3.00375
92.677, 3.00105
92.7398, 3.00114
92.8026, 2.99867
92.8655, 3.0008
92.9283, 3.00118
92.9911, 3.00266
93.054, 3.00293
93.1168, 3.00022
93.1796, 3.00001
93.2425, 3.00322
93.3053, 3.00175
93.3681, 3.00037
93.431, 2.99809
93.4938, 2.99882
93.5566, 3.00104
93.6195, 2.99895
93.6823, 3.00142
93.7451, 2.99979
93.808, 3.0001
93.8708, 2.99879
93.9336, 2.99965
93.9965, 3.0029
94.0593, 2.99985
94.1221, 3.00042
94.1849, 3.00152
94.2478, 2.99555
94.3106, 3.00063
94.3734, 3.00239
94.4363, 3.00298
94.4991, 3.00182
94.5619, 3.00156
94.6248, 3.00339
94.6876, 3.0012
94.7504, 3.00535
94.8133, 3.0021
94.8761, 2.99931
94.9389, 3.00414
95.0018, 3.00189
95.0646, 3.001
95.1274, 3.00355
95.1903, 3.00358
95.2531, 3.00363
95.3159, 3.00087
95.3788, 2.99915
95.4416, 2.99744
95.5044, 3.00114
95.5672, 3.00171
95.6301, 2.99947
95.6929, 3.00044
95.7557, 2.99957
95.8186, 3.00068
95.8814, 3.00351
95.9442, 2.99752
96.0071, 3.0013
96.0699, 3.00074
96.1327, 2.99543
96.1956, 3.00057
96.2584, 2.99849
96.3212, 2.99781
96.3841, 2.99788
96.4469, 2.99824
96.5097, 2.99737
96.5726, 3.00015
96.6354, 2.99833
96.6982, 2.99897
96.7611, 2.99763
96.8239, 2.99914
96.8867, 2.99504
96.9495, 2.99728
97.0124, 2.99709
97.0752, 2.99897
97.138, 2.99923
97.2009, 2.9991
97.2637, 3.00168
97.3265, 3.00151
97.3894, 3.00348
97.4522, 2.99954
97.515, 2.99778
97.5779, 2.99856
97.6407, 3.00154
97.7035, 2.99801
97.7664, 2.99997
97.8292, 2.99766
97.892, 3.00057
97.9549, 2.99691
98.0177, 2.99901
98.0805, 3.00062
98.1434, 2.997
98.2062, 2.99722
98.269, 2.99475
98.3319, 2.9975
98.3947, 2.99596
98.4575, 2.99387
98.5203, 2.99593
98.5832, 2.9935
98.646, 2.99969
98.7088, 2.99646
98.7717, 2.99629
98.8345, 2.9993
98.8973, 2.99821
98.9602, 2.99973
99.023, 2.99758
99.0858, 2.99828
99.1487, 3.00168
99.2115, 2.99869
99.2743, 2.99932
99.3372, 2.99827
99.4, 2.99491
99.4628, 2.99366
99.5257, 2.99401
99.5885, 2.99714
99.6513, 3.00107
99.7142, 2.99619
99.777, 2.99861
99.8398, 2.99486
99.9026, 2.9962
99.9655, 2.99451
100.028, 2.99645
100.091, 2.99365
100.154, 2.99789
100.217, 2.99426
100.28, 2.99399
100.342, 2.9969
100.405, 2.99519
100.468, 2.99387
100.531, 2.99555
100.594, 2.99727
100.657, 2.9936
100.719, 2.99471
100.782, 2.99477
100.845, 2.99792
100.908, 2.99353
100.971, 2.99341
101.034, 2.99844
101.096, 2.99715
101.159, 2.99415
101.222, 2.99573
101.285, 2.99516
101.348, 2.99607
101.411, 2.99719
101.473, 2.99717
101.536, 2.99583
101.599, 2.99423
101.662, 2.99469
101.725, 2.99919
101.788, 2.99754
101.85, 2.99654
101.913, 2.99488
101.976, 2.99858
102.039, 2.99709
102.102, 2.99381
102.165, 2.99831
102.227, 2.99625
102.29, 2.99878
102.353, 2.997
102.416, 2.9944
102.479, 2.99752
102.542, 2.99533
102.604, 2.99626
102.667, 2.99362
102.73, 2.99149
102.793, 2.99498
102.856, 2.99757
102.919, 2.99565
102.981, 2.99619
103.044, 2.99277
103.107, 2.99521
103.17, 2.99772
103.233, 2.9976
103.296, 2.99542
103.358, 2.99175
103.421, 2.99348
103.484, 2.99215
103.547, 2.99483
103.61, 2.99411
103.673, 2.99472
103.735, 2.99586
103.798, 2.9931
103.861, 2.99614
103.924, 2.99699
103.987, 2.99637
104.05, 2.992
104.112, 2.99713
104.175, 2.99501
104.238, 2.99677
104.301, 2.99566
104.364, 2.99746
104.427, 2.9964
104.489, 2.99431
104.552, 2.99623
104.615, 2.99586
104.678, 2.9953
104.741, 2.99542
104.804, 2.99963
104.866, 2.99974
104.929, 2.99503
104.992, 2.9997
105.055, 2.99943
105.118, 2.99571
105.181, 2.99681
105.243, 2.99858
105.306, 2.99634
105.369, 2.99576
105.432, 3.00139
105.495, 2.99929
105.558, 3.00188
105.62, 3.00273
105.683, 2.99877
105.746, 3.00205
105.809, 3.00169
105.872, 3.0025
105.935, 3.00332
105.997, 3.00103
106.06, 3.00235
106.123, 3.00226
106.186, 3.00222
106.249, 3.00152
106.311, 3.00346
106.374, 2.99951
106.437, 3.00108
106.5, 3.00155
106.563, 2.99693
106.626, 2.99965
106.688, 3.00198
106.751, 3.00349
106.814, 3.0022
106.877, 3.00453
106.94, 3.00272
107.003, 3.00026
107.065, 3.00038
107.128, 3.00174
107.191, 3.00038
107.254, 3.00281
107.317, 3.00017
107.38, 3.00197
107.442, 3.00186
107.505, 2.99949
107.568, 2.99742
107.631, 2.9983
107.694, 2.9957
107.757, 3.00016
107.819, 2.9994
107.882, 3
107.945, 2.99702
108.008, 2.99897
108.071, 3.00101
108.134, 3.00015
108.196, 3.00473
108.259, 3.002
108.322, 3.00161
108.385, 3.00054
108.448, 3.00064
108.511, 2.99968
108.573, 3.00408
108.636, 2.99659
108.699, 2.99711
108.762, 3.00242
108.825, 3.00436
108.888, 3.001
108.95, 3.00313
109.013, 3.00351
109.076, 3.00452
109.139, 3.0006
109.202, 3.00283
109.265, 2.999
109.327, 2.99962
109.39, 2.99862
109.453, 2.99784
109.516, 3.00264
109.579, 3.00241
109.642, 3.00184
109.704, 3.00199
109.767, 3.00429
109.83, 3.00094
109.893, 3.00446
109.956, 3.00048
110.019, 3.00005
110.081, 3.00306
110.144, 3.00161
110.207, 3.00457
110.27, 3.00548
110.333, 3.00023
110.396, 2.9973
110.458, 2.99893
110.521, 3.0022
110.584, 3.00284
110.647, 3.00101
110.71, 2.99797
110.773, 2.99952
110.835, 3.00282
110.898, 2.99982
110.961, 3.00016
111.024, 2.99776
111.087, 2.99956
111.15, 2.9985
111.212, 2.99851
111.275, 2.99963
111.338, 3.00262
111.401, 3.00051
111.464, 3.0016
111.527, 3.00076
111.589, 2.99768
111.652, 2.99737
111.715, 2.9962
111.778, 2.99911
111.841, 3.00083
111.904, 3.00117
111.966, 3.00065
112.029, 2.99604
112.092, 2.99856
112.155, 3.0017
112.218, 2.99967
112.281, 2.99992
112.343, 3.00284
112.406, 3.001
112.469, 2.99911
112.532, 3.00323
112.595, 3.00081
112.658, 2.99802
112.72, 2.99861
112.783, 3.00041
112.846, 3.00149
112.909, 3.00033
112.972, 3.00007
113.035, 3.00134
113.097, 3.00002
113.16, 2.9985
113.223, 2.99705
113.286, 2.99904
113.349, 2.99733
113.411, 2.99579
113.474, 2.99963
113.537, 2.9971
113.6, 3.00028
113.663, 2.99981
113.726, 2.99976
113.788, 3.0005
113.851, 3.00028
113.914, 3.00149
113.977, 2.99955
114.04, 3.00081
114.103, 2.99816
114.165, 3.00243
114.228, 2.99809
114.291, 2.99976
114.354, 2.99716
114.417, 3.00199
114.48, 3.00014
114.542, 3.00308
114.605, 2.9995
114.668, 2.99864
114.731, 3.00073
114.794, 3.00065
114.857, 3.00076
114.919, 2.99739
114.982, 2.99919
115.045, 3.00534
115.108, 2.99712
115.171, 2.99984
115.234, 3.00154
115.296, 2.99686
115.359, 2.99929
115.422, 3.00172
115.485, 3.00327
115.548, 2.9976
115.611, 3.0002
115.673, 2.999
115.736, 3.00218
115.799, 3.00164
115.862, 3.00152
115.925, 3.00171
115.988, 3.00115
116.05, 3.00131
116.113, 2.99818
116.176, 2.99998
116.239, 3.00485
116.302, 3.00198
116.365, 3.00351
116.427, 3.00403
116.49, 3.0011
116.553, 3.00193
116.616, 2.99951
116.679, 3.00082
116.742, 2.99923
116.804, 2.99791
116.867, 3.0009
116.93, 2.99821
116.993, 2.99687
117.056, 3.00435
117.119, 3.00474
117.181, 3.00103
117.244, 2.99784
117.307, 2.99966
117.37, 3.00264
117.433, 2.99964
117.496, 3.00011
117.558, 2.99732
117.621, 2.99684
117.684, 2.99489
117.747, 3.00037
117.81, 2.99676
117.873, 2.99732
117.935, 2.99842
117.998, 2.99957
118.061, 3.00211
118.124, 3.00232
118.187, 2.99989
118.25, 2.9994
118.312, 2.99738
118.375, 3.00044
118.438, 2.99996
118.501, 3.00138
118.564, 2.99812
118.627, 3.00287
118.689, 2.99813
118.752, 3.00098
118.815, 3.00028
118.878, 3.00649
118.941, 2.99963
119.004, 2.99949
119.066, 3.00006
119.129, 3.00184
119.192, 3.00071
119.255, 2.999
119.318, 3.00291
119.381, 3.00509
119.443, 3.00007
119.506, 3.00347
119.569, 3.00265
119.632, 3.00069
119.695, 3.0027
119.758, 3.00141
119.82, 2.99861
119.883, 3.00151
119.946, 2.99729
120.009, 3.00046
120.072, 2.99828
120.135, 2.9991
120.197, 3.00143
120.26, 3.00118
120.323, 2.9981
120.386, 3.00003
120.449, 2.99839
120.511, 2.99725
120.574, 2.99857
120.637, 2.99953
120.7, 2.99717
120.763, 2.99877
120.826, 2.99837
120.888, 2.9958
120.951, 2.99714
121.014, 2.9988
121.077, 2.99637
121.14, 3.00067
121.203, 3.00298
121.265, 3.00279
121.328, 2.99908
121.391, 2.99968
121.454, 3.00125
121.517, 2.99839
121.58, 3.00006
121.642, 2.99911
121.705, 3.00181
121.768, 2.99904
121.831, 2.99766
121.894, 2.99504
121.957, 2.99451
122.019, 2.99791
122.082, 2.99659
122.145, 2.99683
122.208, 2.99885
122.271, 2.99786
122.334, 2.99828
122.396, 3.00176
122.459, 2.99792
122.522, 3.00048
122.585, 2.99551
122.648, 2.99595
122.711, 2.99985
122.773, 2.99779
122.836, 2.99866
122.899, 2.99827
122.962, 3.00465
123.025, 2.99851
123.088, 2.99642
123.15, 2.99931
123.213, 2.99923
123.276, 3.00044
123.339, 3.00145
123.402, 3.00123
123.465, 3.00334
123.527, 2.99783
123.59, 3.00033
123.653, 3.002
123.716, 3.00358
123.779, 3.00105
123.842, 3.00166
123.904, 3.00251
123.967, 3.00378
124.03, 3.00023
124.093, 3.00089
124.156, 3.0002
124.219, 3.00439
124.281, 3.00691
124.344, 2.9985
124.407, 2.99999
124.47, 3.00224
124.533, 3.00508
124.596, 3.00376
124.658, 3.00091
124.721, 3.00513
124.784, 3.00092
124.847, 3.0032
124.91, 3.00079
124.973, 3.00081
125.035, 3.00208
125.098, 3.00238
125.161, 3.0006
125.224, 3.00391
125.287, 2.99932
125.35, 2.99804
125.412, 2.99761
125.475, 2.9984
125.538, 2.9997
125.601, 3.00288
125.664, 2.99809
125.727, 3.00182
125.789, 2.99962
125.852, 2.99706
125.915, 2.99927
125.978, 3.00349
126.041, 3.00182
126.104, 2.99869
126.166, 3.00112
126.229, 2.99975
126.292, 2.99976
126.355, 2.99806
126.418, 2.99939
126.481, 2.99771
126.543, 2.99917
126.606, 3.00186
126.669, 3.00417
126.732, 3.00148
126.795, 3.00005
126.858, 3.00026
126.92, 3.00501
126.983, 3.00362
127.046, 3.00058
127.109, 2.99844
127.172, 3.00519
127.235, 2.99965
127.297, 2.99755
127.36, 3.00109
127.423, 2.99896
127.486, 2.99917
127.549, 2.99762
127.611, 3.00046
127.674, 2.99849
127.737, 2.99618
127.8, 2.99795
127.863, 3.00182
127.926, 2.99926
127.988, 3.0008
128.051, 3.0024
128.114, 3.0051
128.177, 3.00375
128.24, 3.00198
128.303, 3.00322
128.365, 3.00265
128.428, 2.99975
128.491, 2.99905
128.554, 2.99941
128.617, 3.00103
128.68, 3.00119
128.742, 2.99961
128.805, 3.0002
128.868, 3.00126
128.931, 3.00362
128.994, 3.00052
129.057, 3.00137
129.119, 3.00168
129.182, 2.99853
129.245, 3.00194
129.308, 2.99934
129.371, 3.00105
129.434, 2.99908
129.496, 2.99981
129.559, 2.99887
129.622, 3.00043
129.685, 2.99873
129.748, 2.99673
129.811, 2.99994
129.873, 3.00291
129.936, 2.99838
129.999, 2.99907
130.062, 2.99946
130.125, 2.99952
130.188, 2.99873
130.25, 2.99711
130.313, 2.99877
130.376, 2.99807
130.439, 2.99945
130.502, 3.00486
130.565, 3.00221
130.627, 3.00188
130.69, 3.00467
130.753, 3.00538
130.816, 3.00315
130.879, 3.00227
130.942, 3.00112
131.004, 3.00129
131.067, 3.0006
131.13, 3.00061
131.193, 2.99945
131.256, 2.99795
131.319, 2.99859
131.381, 3.00274
131.444, 3.0009
131.507, 3.0007
131.57, 3.00088
131.633, 3.00036
131.696, 3.00392
131.758, 3.00006
131.821, 3.00003
131.884, 2.99516
131.947, 3.00145
132.01, 2.99979
132.073, 2.99358
132.135, 2.99727
132.198, 2.99962
132.261, 2.99819
132.324, 3.00569
132.387, 3.0024
132.45, 2.99986
132.512, 2.99799
132.575, 3.00198
132.638, 2.999
132.701, 2.99848
132.764, 3.003
132.827, 3.00195
132.889, 3.00289
132.952, 3.00381
133.015, 3.0057
133.078, 3.00172
133.141, 3.0014
133.204, 3.00163
133.266, 3.00234
133.329, 3.00298
133.392, 3.00233
133.455, 3.00232
133.518, 3.00051
133.581, 3.00302
133.643, 3.0045
133.706, 3.00175
133.769, 3.0027
133.832, 3.00557
133.895, 3.00135
133.958, 3.00298
134.02, 3.00461
134.083, 2.99854
134.146, 3.00019
134.209, 2.99876
134.272, 3.00302
134.335, 3.00064
134.397, 3.0016
134.46, 3.00381
134.523, 3.00193
134.586, 3.00237
134.649, 3.00084
134.711, 3.00121
134.774, 3.00146
134.837, 3.00425
134.9, 2.99662
134.963, 3.00328
135.026, 3.00338
135.088, 3.0012
135.151, 2.99977
135.214, 3.0014
135.277, 3.00024
135.34, 3.00049
135.403, 3.00229
135.465, 3.00356
135.528, 3.00195
135.591, 3.00163
135.654, 2.99586
135.717, 2.99844
135.78, 2.99841
135.842, 3.00053
135.905, 2.99626
135.968, 2.99732
136.031, 3.00087
136.094, 2.99804
136.157, 3.00002
136.219, 3.00461
136.282, 3.0027
136.345, 3.0013
136.408, 3.00064
136.471, 3.00028
136.534, 3.00057
136.596, 3.00436
136.659, 3.00159
136.722, 3.00202
136.785, 3.0022
136.848, 3.00343
136.911, 3.00155
136.973, 3.00423
137.036, 3.00579
137.099, 3.00166
137.162, 3.00406
137.225, 3.00484
137.288, 3.00323
137.35, 3.00669
137.413, 3.00363
137.476, 3.00344
137.539, 3.00804
137.602, 3.00294
137.665, 3.00699
137.727, 3.00821
137.79, 3.00312
137.853, 3.00364
137.916, 3.00167
137.979, 3.00013
138.042, 3.003
138.104, 3.00487
138.167, 3.00075
138.23, 3.00329
138.293, 3.00114
138.356, 3.00203
138.419, 2.99934
138.481, 3.0025
138.544, 2.99994
138.607, 3.00199
138.67, 3.00201
138.733, 3.00126
138.796, 3.0017
138.858, 3.0038
138.921, 2.99986
138.984, 2.99865
139.047, 2.99657
139.11, 3.00167
139.173, 2.99916
139.235, 3.00131
139.298, 2.99677
139.361, 3.00158
139.424, 2.99752
139.487, 3.00083
139.55, 2.99755
139.612, 2.99545
139.675, 2.99704
139.738, 2.99703
139.801, 2.99726
139.864, 2.99925
139.927, 3.00017
139.989, 2.99886
140.052, 2.9975
140.115, 3.00122
140.178, 3.00116
140.241, 3.00122
140.304, 2.99953
140.366, 2.99988
140.429, 2.99852
140.492, 3.00028
140.555, 3.00504
140.618, 3.00388
140.681, 2.9998
140.743, 3.00153
140.806, 3.00002
140.869, 3.00161
140.932, 3.00265
140.995, 3.00237
141.058, 3.00749
141.12, 3.00206
141.183, 3.00457
141.246, 3.00182
141.309, 3.00285
141.372, 3.00294
141.435, 3.00256
141.497, 2.99846
141.56, 3.00367
141.623, 3.00294
141.686, 3.00013
141.749, 3.00218
141.811, 3.00249
141.874, 3.00038
141.937, 3.00008
142, 3.00369
142.063, 3.00192
142.126, 3.00055
142.188, 3.00082
142.251, 2.99942
142.314, 3.00285
142.377, 3.00123
142.44, 3.00235
142.503, 3.00059
142.565, 3.00172
142.628, 2.99989
142.691, 2.99927
142.754, 3.00013
142.817, 3.00116
142.88, 3.0038
142.942, 2.99971
143.005, 3.00268
143.068, 2.99902
143.131, 3.00021
143.194, 3.00328
143.257, 3.00595
143.319, 3.00488
143.382, 3.00364
143.445, 3.00207
143.508, 2.99778
143.571, 3.00165
143.634, 3.00122
143.696, 2.99767
143.759, 2.99859
143.822, 2.99769
143.885, 3.00111
143.948, 3.00236
144.011, 3.00136
144.073, 3.00744
144.136, 3.00537
144.199, 2.99996
144.262, 3.00039
144.325, 2.99664
144.388, 2.99991
144.45, 2.9955
144.513, 2.99947
144.576, 3.00013
144.639, 3.00299
144.702, 3.00077
144.765, 3.00012
144.827, 3.00243
144.89, 2.99817
144.953, 2.99767
145.016, 2.99886
145.079, 2.99745
145.142, 2.99751
145.204, 3.00074
145.267, 3.00086
145.33, 2.99882
145.393, 2.99791
145.456, 2.9987
145.519, 2.99584
145.581, 2.99839
145.644, 3.00038
145.707, 3.00035
145.77, 2.9978
145.833, 2.99785
145.896, 2.99746
145.958, 3.00099
146.021, 3.00148
146.084, 2.9985
146.147, 2.99766
146.21, 2.99846
146.273, 2.99664
146.335, 2.99903
146.398, 2.99782
146.461, 3.00073
146.524, 2.99845
146.587, 2.9993
146.65, 2.9958
146.712, 3.00047
146.775, 2.99901
146.838, 2.99972
146.901, 3.0031
146.964, 2.9996
147.027, 2.99918
147.089, 2.99899
147.152, 3.00206
147.215, 2.99741
147.278, 2.99954
147.341, 2.99809
147.404, 2.99979
147.466, 2.99931
147.529, 2.99797
147.592, 2.99846
147.655, 3.00007
147.718, 2.99918
147.781, 2.99797
147.843, 3.00244
147.906, 2.9986
147.969, 2.99772
148.032, 3.0012
148.095, 2.99947
148.158, 2.99547
148.22, 2.99654
148.283, 2.99686
148.346, 2.99798
148.409, 2.99838
148.472, 3.00074
148.535, 2.99792
148.597, 2.99946
148.66, 3.00473
148.723, 2.99982
148.786, 2.99988
148.849, 3.00086
148.911, 3.00314
148.974, 2.99795
149.037, 2.99863
149.1, 3.00275
149.163, 2.99872
149.226, 2.99966
149.288, 2.99792
149.351, 3.00064
149.414, 3.00236
149.477, 2.99799
149.54, 2.99934
149.603, 3.00121
149.665, 2.99942
149.728, 2.9996
149.791, 3.00191
149.854, 3.0007
149.917, 2.99944
149.98, 3.00083
150.042, 2.99989
150.105, 3.00284
150.168, 3.00001
150.231, 3.00251
150.294, 3.00244
150.357, 3.00382
150.419, 3.00113
150.482, 2.99858
150.545, 2.99986
150.608, 3.00067
150.671, 3.00069
150.734, 3.00034
150.796, 2.99689
150.859, 2.99948
150.922, 3.00036
150.985, 2.99587
151.048, 2.99896
151.111, 3.00121
151.173, 2.99748
151.236, 3.00198
151.299, 3.00272
151.362, 2.99769
151.425, 2.99821
151.488, 2.99798
151.55, 3.00011
151.613, 3.0017
151.676, 3.00398
151.739, 2.99838
151.802, 3.00049
151.865, 3.00116
151.927, 2.99826
151.99, 2.99802
152.053, 3.00297
152.116, 3.0043
152.179, 3.00347
152.242, 3.00284
152.304, 2.99807
152.367, 3.00018
152.43, 3.00178
152.493, 2.99805
152.556, 3.00034
152.619, 3.00072
152.681, 2.99683
152.744, 2.99431
152.807, 3.00366
152.87, 2.99778
152.933, 2.99661
152.996, 2.99765
153.058, 3.00042
153.121, 3.00001
153.184, 3.00346
153.247, 3.00231
153.31, 3.00227
153.373, 2.99846
153.435, 3.00147
153.498, 3.00261
153.561, 3.00182
153.624, 3.00352
153.687, 2.99988
153.75, 2.9977
153.812, 3.0002
153.875, 2.99889
153.938, 2.99793
154.001, 2.9944
154.064, 2.99638
154.127, 3.00197
154.189, 3.00014
154.252, 3.00123
154.315, 3.00269
154.378, 3.00673
154.441, 3.0006
154.504, 3.00383
154.566, 3.00184
154.629, 3.00088
154.692, 3.00104
154.755, 2.99868
154.818, 3.00201
154.881, 3.00046
154.943, 2.99671
155.006, 3.00242
155.069, 3.001
155.132, 2.99885
155.195, 3.00396
155.258, 3.00285
155.32, 3.00197
155.383, 3.00119
155.446, 3.00515
155.509, 3.00205
155.572, 3.00294
155.635, 3.00143
155.697, 3.00139
155.76, 3.00216
155.823, 3.00266
155.886, 3.00325
155.949, 3.0021
156.011, 3.00057
156.074, 3.00199
156.137, 3.00141
156.2, 3.00264
156.263, 3.00427
156.326, 2.99955
156.388, 2.99924
156.451, 3.00315
156.514, 3.00391
156.577, 3.00424
156.64, 3.00677
156.703, 3.0058
156.765, 3.00209
156.828, 3.00207
156.891, 3.0022
156.954, 3.00561
157.017, 3.00169
157.08, 3.00886
157.142, 3.00335
157.205, 3.00387
157.268, 3.00179
157.331, 3.00381
157.394, 3.00284
157.457, 3.00223
157.519, 3.00294
157.582, 3.00214
157.645, 3.00296
157.708, 3.00277
157.771, 3.0005
157.834, 3.00306
157.896, 3.00408
157.959, 3.00593
158.022, 3.00382
158.085, 3.0092
158.148, 3.00624
158.211, 3.00422
158.273, 3.00505
158.336, 3.00243
158.399, 2.99949
158.462, 3.00382
158.525, 3.0064
158.588, 3.00407
158.65, 3.00297
158.713, 2.99539
158.776, 3.00231
158.839, 3.00272
158.902, 3.00485
158.965, 3.00417
159.027, 3.00626
159.09, 3.00195
159.153, 3.00403
159.216, 3.00217
159.279, 3.00175
159.342, 3.00115
159.404, 3.00155
159.467, 3.00042
159.53, 3.0029
159.593, 3.00263
159.656, 3.00031
159.719, 3.00073
159.781, 3.00247
159.844, 3.0035
159.907, 3.00515
159.97, 3.00332
160.033, 3.00447
160.096, 3.00685
160.158, 3.00288
160.221, 3.00296
160.284, 3.00184
160.347, 3.00395
160.41, 2.99891
160.473, 3.00279
160.535, 2.99892
160.598, 2.99854
160.661, 3.00148
160.724, 3.00312
160.787, 3.00566
160.85, 3.00345
160.912, 2.99947
160.975, 2.99966
161.038, 2.99936
161.101, 3.00012
161.164, 3.00064
161.227, 2.99548
161.289, 3.003
161.352, 3.00205
161.415, 2.99814
161.478, 3.0005
161.541, 2.99616
161.604, 2.99865
161.666, 3.00279
161.729, 2.99779
161.792, 2.99792
161.855, 2.99868
161.918, 3.00291
161.981, 3.00066
162.043, 3.00123
162.106, 2.9994
162.169, 2.99985
162.232, 2.99798
162.295, 3.00032
162.358, 3.00096
162.42, 3.00137
162.483, 3.00154
162.546, 3.00134
162.609, 2.99851
162.672, 3.00046
162.734, 3.00079
162.797, 3.00176
162.86, 3.00046
162.923, 3.002
162.986, 3.00227
163.049, 2.9996
163.111, 2.99974
163.174, 3.00479
163.237, 3.00126
163.3, 2.99927
163.363, 3.0004
163.426, 3.00073
163.488, 3.00249
163.551, 2.99886
163.614, 2.99983
163.677, 2.99294
163.74, 2.99974
163.803, 3.00017
163.865, 3.00217
163.928, 3.00254
163.991, 3.00126
164.054, 2.99752
164.117, 3.00031
164.18, 3.00065
164.242, 3.00123
164.305, 3.00052
164.368, 3.00067
164.431, 3.00166
164.494, 2.99792
164.557, 3.00247
164.619, 3.00323
164.682, 3.00114
164.745, 3.00065
164.808, 3.00159
164.871, 3.0008
164.934, 2.99855
164.996, 2.99889
165.059, 2.99919
165.122, 2.99987
165.185, 3.00202
165.248, 2.99882
165.311, 3.00021
165.373, 3.00146
165.436, 3.0001
165.499, 2.9999
165.562, 3.00284
165.625, 3.00082
165.688, 2.99912
165.75, 2.99947
165.813, 3.0007
165.876, 2.99823
165.939, 3.00454
166.002, 3.00182
166.065, 2.9993
166.127, 3.00148
166.19, 3.00314
166.253, 2.99712
166.316, 2.99532
166.379, 2.99738
166.442, 3.00003
166.504, 2.99765
166.567, 2.99716
166.63, 2.99968
166.693, 2.99924
166.756, 2.99732
166.819, 2.99574
166.881, 2.99947
166.944, 3.00098
167.007, 2.99864
167.07, 3.00144
167.133, 2.99883
167.196, 2.99984
167.258, 3.00013
167.321, 2.99497
167.384, 3.00266
167.447, 3.00242
167.51, 2.99881
167.573, 2.99971
167.635, 3.00209
167.698, 3.00184
167.761, 2.99905
167.824, 2.99993
167.887, 2.99552
167.95, 3.00156
168.012, 3.00109
168.075, 3.00118
168.138, 2.99921
168.201, 2.99777
168.264, 2.99973
168.327, 3.00066
168.389, 3.00353
168.452, 2.99894
168.515, 3.00137
168.578, 3.00187
168.641, 2.99991
168.704, 3.00314
168.766, 3.00253
168.829, 3.00267
168.892, 3.00011
168.955, 3.00177
169.018, 3.00117
169.081, 3.00413
169.143, 3.00332
169.206, 3.00543
169.269, 2.99606
169.332, 2.99821
169.395, 3.00203
169.458, 3.0025
169.52, 3.00123
169.583, 3.0023
169.646, 3.00038
169.709, 3.00033
169.772, 3.00014
169.834, 2.9999
169.897, 3.00564
169.96, 3.00685
170.023, 3.00509
170.086, 3.0046
170.149, 3.0039
170.211, 3.00039
170.274, 3.00456
170.337, 3.00337
170.4, 2.99973
170.463, 3.00154
170.526, 3.00597
170.588, 3.00263
170.651, 3.00108
170.714, 2.99969
170.777, 3.00355
170.84, 3.00541
170.903, 3.00527
170.965, 3.00276
171.028, 3.00178
171.091, 3.0019
171.154, 3.00178
171.217, 3.00246
171.28, 3.00142
171.342, 3.00214
171.405, 3.00417
171.468, 3.00414
171.531, 3.00579
171.594, 3.00414
171.657, 3.00368
171.719, 3
171.782, 3.00215
171.845, 3.00188
171.908, 3.00181
171.971, 3.00032
172.034, 2.99884
172.096, 2.99804
172.159, 3.00026
172.222, 2.9995
172.285, 3.00023
172.348, 2.99793
172.411, 2.99936
172.473, 3.00037
172.536, 2.99972
172.599, 3.00214
172.662, 3.00488
172.725, 3.00567
172.788, 3.00403
172.85, 2.99964
172.913, 3.00348
172.976, 3.00569
173.039, 3.00222
173.102, 3.0007
173.165, 3.00341
173.227, 3.00667
173.29, 3.00732
173.353, 3.00413
173.416, 3.0063
173.479, 3.0028
173.542, 3.00121
173.604, 2.99957
173.667, 2.99747
173.73, 3.00172
173.793, 3.00321
173.856, 3.00075
173.919, 3.00536
173.981, 3.00424
174.044, 3.00128
174.107, 3.00101
174.17, 3.00553
174.233, 2.99957
174.296, 2.99875
174.358, 2.9989
174.421, 3.00267
174.484, 3.00198
174.547, 3.00345
174.61, 3.00216
174.673, 2.99877
174.735, 3.00102
174.798, 3.0011
174.861, 3.0044
174.924, 3.00099
174.987, 3.0021
175.05, 2.9999
175.112, 3.00144
175.175, 3.00191
175.238, 3.00127
175.301, 3.00451
175.364, 3.00109
175.427, 3.00116
175.489, 2.99912
175.552, 3.00208
175.615, 3.00357
175.678, 3.00471
175.741, 3.00547
175.804, 3.00437
175.866, 3.00256
175.929, 3.00672
175.992, 3.00174
176.055, 3.00194
176.118, 3.00023
176.181, 3.00628
176.243, 3.00367
176.306, 3.00502
176.369, 3.00342
176.432, 3.00602
176.495, 3.00493
176.558, 3.00454
176.62, 3.00409
176.683, 3.00671
176.746, 3.00345
176.809, 3.00817
176.872, 3.00591
176.934, 3.00287
176.997, 3.00282
177.06, 3.00359
177.123, 3.00176
177.186, 3.00704
177.249, 3.00351
177.311, 2.9995
177.374, 3.00305
177.437, 3.0051
177.5, 3.00573
177.563, 3.00711
177.626, 3.00215
177.688, 3.0025
177.751, 3.00332
177.814, 2.99956
177.877, 3.00035
177.94, 3.00075
178.003, 3.00449
178.065, 3.00254
178.128, 3.00368
178.191, 2.99916
178.254, 2.99775
178.317, 2.99914
178.38, 3.00275
178.442, 2.99879
178.505, 3.00206
178.568, 3.00217
178.631, 2.99944
178.694, 3.00043
178.757, 2.99957
178.819, 3.0032
178.882, 2.99872
178.945, 3.00192
179.008, 3.00446
179.071, 3.0044
179.134, 3.00167
179.196, 3.00024
179.259, 3.00051
179.322, 2.99995
179.385, 2.99911
179.448, 3.00153
179.511, 2.99933
179.573, 2.9999
179.636, 3.00122
179.699, 3.00132
179.762, 3.00455
179.825, 3.00262
179.888, 3.00206
179.95, 2.9995
180.013, 3.00184
180.076, 3.00001
180.139, 3.00011
180.202, 2.99936
180.265, 3.00769
180.327, 3.00371
180.39, 3.00252
180.453, 3.00234
180.516, 3.00158
180.579, 2.99857
180.642, 2.99971
180.704, 3.0019
180.767, 3.00019
180.83, 3.0004
180.893, 2.99846
180.956, 2.9996
181.019, 2.99955
181.081, 2.99697
181.144, 3.00192
181.207, 3.00051
181.27, 2.99994
181.333, 2.99866
181.396, 3.00141
181.458, 2.99858
181.521, 2.99526
181.584, 2.99609
181.647, 3.00084
181.71, 2.99966
181.773, 2.99657
181.835, 2.99741
181.898, 2.99756
181.961, 2.99991
182.024, 2.99909
182.087, 3.00112
182.15, 2.99774
182.212, 2.9979
182.275, 2.99451
182.338, 2.99843
182.401, 2.99881
182.464, 2.99853
182.527, 2.99524
182.589, 2.99805
182.652, 3.00172
182.715, 2.99552
182.778, 2.9983
182.841, 2.99766
182.904, 2.99958
182.966, 2.99825
183.029, 2.99996
183.092, 2.99996
183.155, 2.99933
183.218, 2.99675
183.281, 2.99667
183.343, 2.99937
183.406, 3.00291
183.469, 2.99898
183.532, 3.00027
183.595, 2.99868
183.658, 3.0008
183.72, 3.00057
183.783, 2.99687
183.846, 2.99906
183.909, 2.99703
183.972, 2.99861
184.034, 2.99586
184.097, 2.99745
184.16, 3.00296
184.223, 3.00181
184.286, 2.99824
184.349, 2.99652
184.411, 2.99792
184.474, 2.99453
184.537, 2.99912
184.6, 2.99905
184.663, 3.00102
184.726, 2.9998
184.788, 3.00013
184.851, 3.00462
184.914, 3.00084
184.977, 2.99947
185.04, 2.99869
185.103, 2.99718
185.165, 2.99535
185.228, 2.99774
185.291, 2.99788
185.354, 2.99918
185.417, 3.00044
185.48, 2.99768
185.542, 2.99248
185.605, 2.99718
185.668, 2.99805
185.731, 3.00085
185.794, 2.99822
185.857, 3.00031
185.919, 3.00032
185.982, 2.99858
186.045, 3.00034
186.108, 3.00111
186.171, 3.00167
186.234, 3
186.296, 2.99917
186.359, 2.99878
186.422, 3.00117
186.485, 3.00246
186.548, 2.99725
186.611, 3.00175
186.673, 3.00257
186.736, 3.00009
186.799, 3.00188
186.862, 2.99944
186.925, 2.99817
186.988, 2.99621
187.05, 2.99502
187.113, 2.99853
187.176, 2.99364
187.239, 3.00152
187.302, 2.99827
187.365, 2.99841
187.427, 2.9963
187.49, 2.9992
187.553, 3.00016
187.616, 2.99834
187.679, 3.0001
187.742, 2.99524
187.804, 2.99573
187.867, 2.99725
187.93, 2.9937
187.993, 2.99632
188.056, 2.99642
188.119, 3.00087
188.181, 2.99931
188.244, 3.00153
188.307, 3.00106
188.37, 3.00042
188.433, 2.99909
188.496, 2.99889
188.558, 2.99874
188.621, 2.99682
188.684, 2.99449
188.747, 2.99414
188.81, 2.99856
188.873, 2.99589
188.935, 3.00038
188.998, 3.00019
189.061, 2.99873
189.124, 3.00118
189.187, 2.99649
189.25, 2.99491
189.312, 2.99782
189.375, 2.99835
189.438, 3.00069
189.501, 3.00051
189.564, 3.00127
189.627, 2.99693
189.689, 2.99918
189.752, 2.99891
189.815, 2.99857
189.878, 2.99583
189.941, 2.99594
190.004, 2.99782
190.066, 2.99612
190.129, 2.99561
190.192, 2.99589
190.255, 2.99713
190.318, 2.99561
190.381, 2.99704
190.443, 2.99826
190.506, 3.00099
190.569, 2.9981
190.632, 2.99974
190.695, 2.99613
190.758, 2.99818
190.82, 2.99754
190.883, 2.99515
190.946, 2.99573
191.009, 2.9921
191.072, 2.99423
191.134, 2.99333
191.197, 2.99388
191.26, 2.9987
191.323, 2.99727
191.386, 2.99587
191.449, 2.99651
191.511, 2.99641
191.574, 2.99759
191.637, 2.99297
191.7, 2.99589
191.763, 2.99705
191.826, 3.00159
191.888, 2.99639
191.951, 2.9978
192.014, 2.99866
192.077, 2.99905
192.14, 2.99882
192.203, 2.99928
192.265, 2.99948
192.328, 3.00046
192.391, 3.00273
192.454, 3.00009
192.517, 2.99812
192.58, 2.99848
192.642, 2.99786
192.705, 2.99893
192.768, 2.99787
192.831, 2.99912
192.894, 2.99724
192.957, 3.00094
193.019, 2.99994
193.082, 3.00074
193.145, 2.99724
193.208, 2.99586
193.271, 2.99911
193.334, 3.00193
193.396, 2.9991
193.459, 3.00192
193.522, 3.004
193.585, 3.00081
193.648, 3.00224
193.711, 2.99875
193.773, 3.00207
193.836, 2.99783
193.899, 2.9967
193.962, 2.99967
194.025, 2.99821
194.088, 2.99872
194.15, 3.0016
194.213, 3.00107
194.276, 3.00434
194.339, 2.99915
194.402, 3.00116
194.465, 3.00094
194.527, 2.99839
194.59, 2.99933
194.653, 3.00049
194.716, 2.99957
194.779, 2.99943
194.842, 2.99952
194.904, 2.99817
194.967, 2.99673
195.03, 2.99866
195.093, 2.99472
195.156, 2.99724
195.219, 2.9971
195.281, 2.99852
195.344, 2.99989
195.407, 2.99637
195.47, 2.99658
195.533, 2.99687
195.596, 2.99737
195.658, 2.99845
195.721, 2.99862
195.784, 2.99761
195.847, 2.99744
195.91, 3.00061
195.973, 2.99922
196.035, 2.99989
196.098, 3.00214
196.161, 3.00191
196.224, 3.00036
196.287, 2.99878
196.35, 2.99601
196.412, 2.99877
196.475, 3.00008
196.538, 2.99918
196.601, 3.00063
196.664, 3.00197
196.727, 3.00023
196.789, 2.99802
196.852, 2.99802
196.915, 3.00127
196.978, 2.99959
197.041, 2.99797
197.104, 3.00075
197.166, 3.00343
197.229, 2.99829
197.292, 2.99886
197.355, 2.99779
197.418, 3.00007
197.481, 2.99923
197.543, 3.00298
197.606, 3.00121
197.669, 3.00191
197.732, 2.99867
197.795, 3.00068
197.858, 2.99637
197.92, 3.00215
197.983, 2.99837
198.046, 3.0015
198.109, 2.99967
198.172, 3.0012
198.234, 3.00182
198.297, 3.00156
198.36, 3.00277
198.423, 3.00117
198.486, 3.00225
198.549, 3.00064
198.611, 3.00405
198.674, 3.00243
198.737, 2.99788
198.8, 2.99859
198.863, 2.99805
198.926, 2.99972
198.988, 2.99812
199.051, 3.00022
199.114, 2.99847
199.177, 2.9994
199.24, 3.00325
199.303, 3.00175
199.365, 3.0004
199.428, 2.99633
199.491, 2.99724
199.554, 2.99722
199.617, 3.00047
199.68, 2.99636
199.742, 2.9996
199.805, 2.9962
199.868, 3.00039
199.931, 2.99757
199.994, 2.99739
200.057, 2.9967
200.119, 2.99805
200.182, 2.99491
200.245, 2.99653
200.308, 2.99885
200.371, 2.9984
200.434, 2.99649
200.496, 2.99534
200.559, 2.99948
200.622, 2.99903
200.685, 3.00165
200.748, 2.99827
200.811, 2.99634
200.873, 2.99736
200.936, 2.99615
200.999, 3.00135
201.062, 3.00201
201.125, 2.99698
201.188, 2.99768
201.25, 2.99866
201.313, 2.99686
201.376, 2.99828
201.439, 2.99722
201.502, 2.99369
201.565, 2.99631
201.627, 2.99528
201.69, 2.99246
201.753, 2.99779
201.816, 3.00133
201.879, 2.99598
201.942, 3.00112
202.004, 2.9959
202.067, 2.99951
202.13, 2.99438
202.193, 2.99822
202.256, 2.99981
202.319, 3.00344
202.381, 3.00219
202.444, 2.99989
202.507, 2.99753
202.57, 2.99812
202.633, 2.99866
202.696, 2.9984
202.758, 2.99662
202.821, 2.99826
202.884, 2.99798
202.947, 2.99639
203.01, 2.99181
203.073, 2.99625
203.135, 2.99517
203.198, 3.00161
203.261, 2.99541
203.324, 2.99598
203.387, 2.99775
203.45, 2.99697
203.512, 2.99524
203.575, 2.99888
203.638, 2.99728
203.701, 2.99737
203.764, 2.99883
203.827, 3.00006
203.889, 2.99693
203.952, 2.99627
204.015, 2.99427
204.078, 2.99488
204.141, 2.99591
204.204, 2.99612
204.266, 2.99694
204.329, 2.99682
204.392, 2.99652
204.455, 2.99745
204.518, 2.99976
204.581, 2.99874
204.643, 3.00042
204.706, 2.99741
204.769, 3.00032
204.832, 3.00058
204.895, 3.00255
204.958, 2.99986
205.02, 2.99735
205.083, 2.99787
205.146, 3.00413
205.209, 3.00264
205.272, 3.00133
205.334, 2.99989
205.397, 3.00423
205.46, 3.00394
205.523, 3.00018
205.586, 3.00103
205.649, 3.00158
205.711, 2.99845
205.774, 2.99979
205.837, 3.00178
205.9, 3.00044
205.963, 3.00103
206.026, 3.0008
206.088, 3.00037
206.151, 3.00074
206.214, 2.99767
206.277, 3.00473
206.34, 3.00197
206.403, 2.99843
206.465, 2.99856
206.528, 3.00148
206.591, 2.99891
206.654, 3.00118
206.717, 2.9999
206.78, 3.00167
206.842, 3.00064
206.905, 3.0009
206.968, 3.00501
207.031, 3.00052
207.094, 2.99906
207.157, 3.00112
207.219, 2.9997
207.282, 3.00165
207.345, 2.99974
207.408, 3.00134
207.471, 3.00062
207.534, 2.99772
207.596, 2.9989
207.659, 3.0026
207.722, 2.9991
207.785, 3.00246
207.848, 3.00277
207.911, 2.99751
207.973, 2.99881
208.036, 3.00093
208.099, 2.99637
208.162, 3.00281
208.225, 2.99659
208.288, 2.99573
208.35, 2.99801
208.413, 3.00107
208.476, 3.00274
208.539, 2.99843
208.602, 3.00072
208.665, 2.99533
208.727, 2.99902
208.79, 3.00265
208.853, 3.00046
208.916, 3.00232
208.979, 3.00053
209.042, 2.9984
209.104, 3.00194
209.167, 3.00098
209.23, 3.00009
209.293, 2.99897
209.356, 3.00122
209.419, 2.9962
209.481, 2.99709
209.544, 2.99679
209.607, 2.99959
209.67, 3.00219
209.733, 2.99872
209.796, 3.00131
209.858, 2.99898
209.921, 2.99777
209.984, 3.00167
210.047, 3.0017
210.11, 2.99961
210.173, 3.00228
210.235, 3.00156
210.298, 3.00511
210.361, 3.00256
210.424, 3.00013
210.487, 3.00078
210.55, 2.99828
210.612, 2.99676
210.675, 2.99981
210.738, 3.00742
210.801, 3.00151
210.864, 3.00146
210.927, 2.99856
210.989, 2.99953
211.052, 3.00104
211.115, 3.00141
211.178, 3.00013
211.241, 2.99968
211.304, 2.99739
211.366, 3.00217
211.429, 3.00345
211.492, 3.00351
211.555, 3.00159
211.618, 3.0028
211.681, 3.00412
211.743, 3.00261
211.806, 3.00504
211.869, 3.00411
211.932, 3.00309
211.995, 2.99921
212.058, 3.00091
212.12, 2.999
212.183, 3.00397
212.246, 3.0008
212.309, 3.00108
212.372, 2.99876
212.434, 3.00229
212.497, 3.00031
212.56, 3.00465
212.623, 3.00224
212.686, 2.99901
212.749, 3.00401
212.811, 2.99956
212.874, 2.99471
212.937, 2.99976
213, 2.99816
213.063, 2.99917
213.126, 2.99812
213.188, 2.99896
213.251, 2.99676
213.314, 2.99917
213.377, 3.00047
213.44, 2.9989
213.503, 3.00181
213.565, 2.9999
213.628, 3.00056
213.691, 3.00042
213.754, 3.00264
213.817, 2.99816
213.88, 2.99623
213.942, 2.99977
214.005, 2.99968
214.068, 3.00264
214.131, 2.99813
214.194, 2.99935
214.257, 3.00484
214.319, 3.00254
214.382, 2.99947
214.445, 3.00179
214.508, 3.00116
214.571, 3.00053
214.634, 2.99969
214.696, 3.00009
214.759, 2.99739
214.822, 2.99926
214.885, 2.99924
214.948, 3.00596
215.011, 3.00165
215.073, 2.99911
215.136, 3.00069
215.199, 3.00262
215.262, 3.00305
215.325, 2.99957
215.388, 3.001
215.45, 3.00252
215.513, 3.00034
215.576, 3.00291
215.639, 3.00155
215.702, 3.00072
215.765, 3.00162
215.827, 3.00239
215.89, 2.99733
215.953, 2.99695
216.016, 3.00088
216.079, 2.9977
216.142, 3.00461
216.204, 3.0011
216.267, 3.00079
216.33, 3.00056
216.393, 3.00064
216.456, 2.99839
216.519, 3.00273
216.581, 3.00663
216.644, 3.00425
216.707, 3.00297
216.77, 3.00214
216.833, 3.00162
216.896, 3.00074
216.958, 3.00541
217.021, 3.00235
217.084, 2.99941
217.147, 3.00142
217.21, 3.00652
217.273, 3.0074
217.335, 2.99885
217.398, 2.99731
217.461, 2.99835
217.524, 3.00278
217.587, 3.0035
217.65, 3.00422
217.712, 3.00307
217.775, 3.0038
217.838, 3.00061
217.901, 2.99669
217.964, 2.9974
218.027, 3.00094
218.089, 2.99819
218.152, 3.00084
218.215, 2.99793
218.278, 3.00317
218.341, 3.00267
218.404, 3.00584
218.466, 3.00675
218.529, 3.00308
218.592, 3.00229
218.655, 3.00262
218.718, 2.99972
218.781, 3.00257
218.843, 2.99997
218.906, 3.00238
218.969, 3.00047
219.032, 3.00346
219.095, 3.00081
219.158, 3.00278
219.22, 2.99977
219.283, 2.99872
219.346, 3.00228
219.409, 3.00221
219.472, 3.0029
219.534, 3.00204
219.597, 3.00083
219.66, 3.00028
219.723, 3.00184
219.786, 3.00649
219.849, 3.00027
219.911, 3.00511
219.974, 3.00049
220.037, 3.00261
220.1, 3.0042
220.163, 3.00512
220.226, 3.00399
220.288, 3.00279
220.351, 3.00335
220.414, 3.00423
220.477, 3.0048
220.54, 3.00285
220.603, 3.00372
220.665, 3.00252
220.728, 3.00477
220.791, 3.00331
220.854, 3.00696
220.917, 3.00541
220.98, 3.00774
221.042, 3.00379
221.105, 3.00049
221.168, 3.00391
221.231, 3.00329
221.294, 3.00578
221.357, 3.00669
221.419, 3.00439
221.482, 3.00489
221.545, 3.00412
221.608, 3.00227
221.671, 3.0032
221.734, 3.0055
221.796, 3.0077
221.859, 3.00563
221.922, 3.00462
221.985, 3.00419
222.048, 3.00286
222.111, 3.0024
222.173, 3.00247
222.236, 3.00372
222.299, 3.00528
222.362, 3.00154
222.425, 3.00523
222.488, 3.00462
222.55, 3.00178
222.613, 3.00348
222.676, 3.00533
222.739, 3.00594
222.802, 3.00531
222.865, 3.00833
222.927, 3.00291
222.99, 3.00559
223.053, 3.0055
223.116, 3.00733
223.179, 3.00533
223.242, 3.00114
223.304, 3.00459
223.367, 3.00153
223.43, 3.00223
223.493, 3.00122
223.556, 3.00377
223.619, 3.0008
223.681, 3.00028
223.744, 3.00074
223.807, 2.99992
223.87, 3.00241
223.933, 3.00325
223.996, 3.00618
224.058, 3.00255
224.121, 3.0023
224.184, 3.00382
224.247, 2.99842
224.31, 3.00016
224.373, 3.00301
224.435, 3.00318
224.498, 3.00029
224.561, 3.00452
224.624, 3.00328
224.687, 3.00289
224.75, 3.00732
224.812, 3.00339
224.875, 2.9968
224.938, 3.00117
225.001, 3.00295
225.064, 3.00312
225.127, 3.00206
225.189, 3.00077
225.252, 3.00175
225.315, 3.00437
225.378, 3.00363
225.441, 3.00138
225.504, 2.99877
225.566, 3.00135
225.629, 3.00368
225.692, 2.99864
225.755, 3.00001
225.818, 2.99468
225.881, 2.99874
225.943, 3.00073
226.006, 2.99629
226.069, 2.99815
226.132, 3.00415
226.195, 3.00191
226.258, 3.00021
226.32, 2.9968
226.383, 2.99858
226.446, 2.99839
226.509, 3.00186
226.572, 3.00222
226.634, 3.0005
226.697, 2.99821
226.76, 2.99534
226.823, 3.00258
226.886, 2.99986
226.949, 2.99587
227.011, 2.99573
227.074, 3.00047
227.137, 2.99761
227.2, 2.99943
227.263, 2.99676
227.326, 2.99582
227.388, 2.99656
227.451, 2.99996
227.514, 2.99818
227.577, 3.00227
227.64, 3.0059
227.703, 2.99636
227.765, 2.99791
227.828, 3.00053
227.891, 2.99576
227.954, 3.00001
228.017, 3.00392
228.08, 3.00122
228.142, 3.00297
228.205, 2.99928
228.268, 3.00522
228.331, 3.00013
228.394, 3.00243
228.457, 2.99727
228.519, 2.99965
228.582, 2.99832
228.645, 3.00015
228.708, 2.99869
228.771, 3.00434
228.834, 3.00217
228.896, 2.99838
228.959, 2.99843
229.022, 3.00349
229.085, 3.00233
229.148, 3.00242
229.211, 2.99799
229.273, 3.00124
229.336, 2.99758
229.399, 2.99962
229.462, 2.99742
229.525, 3.00202
229.588, 3.00139
229.65, 3.00438
229.713, 2.99946
229.776, 3.00016
229.839, 3.00109
229.902, 3.00129
229.965, 3.00255
230.027, 2.99953
230.09, 2.99772
230.153, 3.00092
230.216, 2.99926
230.279, 2.99817
230.342, 2.99603
230.404, 2.99878
230.467, 3.00016
230.53, 3.00121
230.593, 2.99933
230.656, 2.99604
230.719, 2.9972
230.781, 2.99872
230.844, 3.00086
230.907, 3.00236
230.97, 3.0017
231.033, 3.00085
231.096, 3.00166
231.158, 3.00187
231.221, 2.99867
231.284, 2.9991
231.347, 2.99976
231.41, 3.00083
231.473, 3.00165
231.535, 3.00026
231.598, 3.00045
231.661, 2.99808
231.724, 2.99807
231.787, 2.99855
231.85, 3.00068
231.912, 3.00125
231.975, 2.99956
232.038, 3.00143
232.101, 2.99831
232.164, 2.99828
232.227, 2.99809
232.289, 2.998
232.352, 3.00144
232.415, 3.00293
232.478, 3.00047
232.541, 3.00096
232.604, 3.00204
232.666, 3.00153
232.729, 2.99987
232.792, 3.00289
232.855, 2.99888
232.918, 2.99788
232.981, 3.00019
233.043, 2.99975
233.106, 3.00367
233.169, 3.0027
233.232, 3.00021
233.295, 3.00257
233.358, 3.00618
233.42, 3.00263
233.483, 3.00132
233.546, 2.99832
233.609, 2.99949
233.672, 3.00202
233.734, 2.99967
233.797, 3.0003
233.86, 3.00157
233.923, 3.003
233.986, 3.00083
234.049, 2.99946
234.111, 3.00164
234.174, 2.99929
234.237, 2.99825
234.3, 2.99931
234.363, 2.99755
234.426, 2.99578
234.488, 3.00252
234.551, 2.99677
234.614, 2.99656
234.677, 2.99915
234.74, 2.9995
234.803, 3.00029
234.865, 3.00373
234.928, 3.00054
234.991, 2.99934
235.054, 2.99602
235.117, 3.00069
235.18, 3.00115
235.242, 2.99703
235.305, 3.00191
235.368, 2.99853
235.431, 2.99995
235.494, 3.0017
235.557, 2.99632
235.619, 2.99864
235.682, 3.0007
235.745, 2.99779
235.808, 2.99806
235.871, 3.00312
235.934, 2.99808
235.996, 3.00133
236.059, 3.00003
236.122, 2.99943
236.185, 2.99802
236.248, 3.00033
236.311, 2.99703
236.373, 3.00025
236.436, 2.99776
236.499, 2.99451
236.562, 2.99918
236.625, 2.99437
236.688, 2.99659
236.75, 2.99698
236.813, 2.99726
236.876, 2.99809
236.939, 2.99964
237.002, 2.99651
237.065, 2.99844
237.127, 2.99709
237.19, 2.99759
237.253, 2.99797
237.316, 2.99794
237.379, 2.99948
237.442, 2.99772
237.504, 3.00161
237.567, 3.00072
237.63, 3.00004
237.693, 2.99674
237.756, 2.99685
237.819, 2.99799
237.881, 3.00311
237.944, 3.00026
238.007, 3.004
238.07, 2.9995
238.133, 2.99811
238.196, 3.00092
238.258, 2.99932
238.321, 3.00167
238.384, 3.00138
238.447, 2.99847
238.51, 3.00134
238.573, 3.0037
238.635, 3.00153
238.698, 2.99903
238.761, 2.99904
238.824, 3.0001
238.887, 2.99811
238.95, 2.9963
239.012, 3.00047
239.075, 2.99726
239.138, 3.00265
239.201, 2.99865
239.264, 2.9974
239.327, 2.9982
239.389, 2.99838
239.452, 2.99886
239.515, 3.00013
239.578, 2.99812
239.641, 2.99889
239.704, 2.99728
239.766, 2.998
239.829, 2.99974
239.892, 2.99882
239.955, 3.00011
240.018, 3.00148
240.081, 3
240.143, 2.99913
240.206, 2.99892
240.269, 2.99935
240.332, 3.00258
240.395, 3.00008
240.458, 3.00182
240.52, 2.99966
240.583, 2.99924
240.646, 3.00084
240.709, 2.99478
240.772, 2.99897
240.834, 2.99779
240.897, 2.99632
240.96, 2.99493
241.023, 2.99718
241.086, 2.99862
241.149, 3.00189
241.211, 2.99763
241.274, 3.00164
241.337, 2.9956
241.4, 2.99902
241.463, 2.99752
241.526, 2.99739
241.588, 3.00114
241.651, 3.00145
241.714, 3.00196
241.777, 2.99991
241.84, 3.00187
241.903, 2.99921
241.965, 2.99892
242.028, 3.00069
242.091, 3.00313
242.154, 3.00122
242.217, 2.99977
242.28, 2.99747
242.342, 3.00183
242.405, 3.00347
242.468, 2.99743
242.531, 3.00849
242.594, 3.00273
242.657, 3.00074
242.719, 3.00231
242.782, 3.0032
242.845, 2.99972
242.908, 3.00119
242.971, 2.99989
243.034, 2.99791
243.096, 2.99947
243.159, 3.00143
243.222, 2.9974
243.285, 2.99902
243.348, 3.00263
243.411, 2.99878
243.473, 2.99768
243.536, 3.00163
243.599, 2.99848
243.662, 2.99745
243.725, 2.99925
243.788, 2.99569
243.85, 2.99609
243.913, 2.99673
243.976, 2.99788
244.039, 2.99916
244.102, 3.00099
244.165, 2.99908
244.227, 2.99638
244.29, 2.99933
244.353, 2.99707
244.416, 2.99665
244.479, 2.99855
244.542, 2.99839
244.604, 2.99482
244.667, 2.99666
244.73, 2.99772
244.793, 2.99959
244.856, 2.99748
244.919, 3.00004
244.981, 2.99823
245.044, 2.99826
245.107, 2.99551
245.17, 3.00348
245.233, 3.001
245.296, 2.99836
245.358, 2.99882
245.421, 3.00094
245.484, 3.00375
245.547, 3.00239
245.61, 3.00598
245.673, 3.00163
245.735, 3.0014
245.798, 3.00108
245.861, 3.00164
245.924, 3.00066
245.987, 2.99864
246.05, 3.0018
246.112, 3.00342
246.175, 3.00053
246.238, 3.00787
246.301, 3.00089
246.364, 3.00045
246.427, 2.99887
246.489, 3.00005
246.552, 3.00274
246.615, 3.00196
246.678, 3.00037
246.741, 3.00592
246.804, 3.00193
246.866, 3.00444
246.929, 3.00388
246.992, 2.99798
247.055, 2.99952
247.118, 3.00016
247.181, 3.00065
247.243, 3.00024
247.306, 3.0033
247.369, 3.00077
247.432, 3.00288
247.495, 3.0012
247.558, 3.00133
247.62, 3.00201
247.683, 2.99972
247.746, 3.00016
247.809, 3.00116
247.872, 3.00221
247.934, 3.00075
247.997, 2.99878
248.06, 2.99663
248.123, 3.00283
248.186, 2.99778
248.249, 3.00534
248.311, 3.00253
248.374, 3.00144
248.437, 3.00542
248.5, 3.00082
248.563, 3.00002
248.626, 3.00195
248.688, 3.00215
248.751, 3.00169
248.814, 3.00135
248.877, 2.99902
248.94, 3.0033
249.003, 3.0015
249.065, 3.00063
249.128, 3.00078
249.191, 2.99943
249.254, 3.00158
249.317, 3.00012
249.38, 3.00098
249.442, 3.00334
249.505, 2.99889
249.568, 3.00262
249.631, 3.00421
249.694, 2.99997
249.757, 3.00193
249.819, 2.9982
249.882, 3.0017
249.945, 3.0032
250.008, 3.00155
250.071, 3.00093
250.134, 3.00105
250.196, 3.00195
250.259, 3.00214
250.322, 3.0026
250.385, 3.00177
250.448, 3.00022
250.511, 2.99909
250.573, 2.99933
250.636, 2.99674
250.699, 2.99996
250.762, 3.00233
250.825, 3.00422
250.888, 3.0047
250.95, 3.00481
251.013, 3.0032
251.076, 3.00556
251.139, 3.00007
251.202, 3.00076
251.265, 3.00166
251.327, 3.00166
251.39, 2.99872
251.453, 3.00266
251.516, 3.00146
251.579, 3.00176
251.642, 3.00059
251.704, 2.99954
251.767, 3.00358
251.83, 3.00052
251.893, 2.99856
251.956, 3.00276
252.019, 3.00398
252.081, 3.0049
252.144, 3.00352
252.207, 3.00311
252.27, 3.00069
252.333, 3.00247
252.396, 2.99983
252.458, 2.99991
252.521, 3.00298
252.584, 3.00696
252.647, 3.00194
252.71, 3.00114
252.773, 3.00185
252.835, 2.99849
252.898, 2.99978
252.961, 2.99838
253.024, 3.00647
253.087, 3.00337
253.15, 3.00164
253.212, 3.0021
253.275, 3.00353
253.338, 3.00214
253.401, 2.99931
253.464, 3.00307
253.527, 3.00236
253.589, 3.00121
253.652, 3.00045
253.715, 3.00103
253.778, 2.99831
253.841, 3.00045
253.904, 3.00007
253.966, 3.0015
254.029, 3.00236
254.092, 2.99691
254.155, 3.00111
254.218, 3.00284
254.281, 3.00155
254.343, 3.0016
254.406, 3.00121
254.469, 3.00393
254.532, 3.00177
254.595, 3.00302
254.658, 3.00123
254.72, 3.00379
254.783, 3.0017
254.846, 3.00031
254.909, 3.00007
254.972, 3.00538
255.034, 3.00087
255.097, 3.00163
255.16, 2.99819
255.223, 3.00264
255.286, 3.00148
255.349, 2.9992
255.411, 3.00285
255.474, 2.99968
255.537, 3.00393
255.6, 3.00014
255.663, 2.99601
255.726, 3.00233
255.788, 3.00153
255.851, 2.99846
255.914, 3.00136
255.977, 2.99761
256.04, 3.00135
256.103, 2.99967
256.165, 3.00138
256.228, 2.99535
256.291, 3.00219
256.354, 3.00016
256.417, 2.99716
256.48, 2.99801
256.542, 2.99948
256.605, 2.99979
256.668, 2.99645
256.731, 2.99738
256.794, 3.00013
256.857, 2.99786
256.919, 2.99644
256.982, 2.99611
257.045, 2.99901
257.108, 2.99922
257.171, 2.99759
257.234, 2.99681
257.296, 2.99969
257.359, 2.99761
257.422, 2.99972
257.485, 3.00176
257.548, 2.99958
257.611, 2.99935
257.673, 2.99859
257.736, 2.99855
257.799, 2.9992
257.862, 2.99763
257.925, 2.99904
257.988, 3.00118
258.05, 3.00166
258.113, 2.99938
258.176, 2.9971
258.239, 3.00108
258.302, 2.99931
258.365, 2.99995
258.427, 2.99802
258.49, 2.99957
258.553, 2.99893
258.616, 2.99718
258.679, 2.99964
258.742, 2.99812
258.804, 3.00059
258.867, 3.00173
258.93, 2.9996
258.993, 3.00114
259.056, 2.99874
259.119, 2.99935
259.181, 3.00146
259.244, 2.99937
259.307, 3.00124
259.37, 3.00139
259.433, 2.99854
259.496, 2.9965
259.558, 2.99662
259.621, 2.99649
259.684, 2.99674
259.747, 2.99694
259.81, 2.99928
259.873, 2.99711
259.935, 2.9973
259.998, 2.99589
260.061, 2.99869
260.124, 2.99652
260.187, 2.99809
260.25, 2.99699
260.312, 2.99541
260.375, 2.99685
260.438, 2.99589
260.501, 2.99895
260.564, 2.99482
260.627, 2.99912
260.689, 2.9944
260.752, 2.99781
260.815, 2.99579
260.878, 2.99851
260.941, 2.99564
261.004, 2.99811
261.066, 3.00098
261.129, 2.99905
261.192, 2.99978
261.255, 2.99821
261.318, 2.99846
261.381, 2.99721
261.443, 2.99833
261.506, 2.99986
261.569, 2.99925
261.632, 2.99923
261.695, 2.99985
261.757, 2.99893
261.82, 2.99913
261.883, 2.99622
261.946, 2.99467
262.009, 2.99867
262.072, 2.99989
262.134, 3.0026
262.197, 2.99975
262.26, 3.00272
262.323, 2.99668
262.386, 2.99862
262.449, 2.99785
262.511, 2.99639
262.574, 2.99787
262.637, 2.99999
262.7, 3.00063
262.763, 3.00115
262.826, 2.99897
262.888, 3.00032
262.951, 2.99984
263.014, 3.00026
263.077, 3.00152
263.14, 3.00025
263.203, 3.00522
263.265, 3.00486
263.328, 3.00425
263.391, 3.00298
263.454, 2.99989
263.517, 2.9952
263.58, 2.99944
263.642, 3.00004
263.705, 2.99684
263.768, 3.00274
263.831, 2.999
263.894, 2.99919
263.957, 2.99837
264.019, 3.00243
264.082, 3.00109
264.145, 3.00219
264.208, 3.0042
264.271, 3.00384
264.334, 3.00072
264.396, 3.00711
264.459, 3.00169
264.522, 3.00283
264.585, 3.00259
264.648, 3.00574
264.711, 3.00205
264.773, 2.99963
264.836, 2.99988
264.899, 2.99917
264.962, 3.00389
265.025, 3.00062
265.088, 3.00226
265.15, 3.00265
265.213, 3.00347
265.276, 2.99913
265.339, 3.00254
265.402, 3.00189
265.465, 3.00102
265.527, 3.00022
265.59, 3.00277
265.653, 3.00368
265.716, 3.00546
265.779, 3.00217
265.842, 3.00253
265.904, 3.0035
265.967, 2.99819
266.03, 2.9991
266.093, 2.99885
266.156, 2.9957
266.219, 3.00017
266.281, 3.00582
266.344, 3.00361
266.407, 3.00103
266.47, 3.00103
266.533, 3.00035
266.596, 3.00304
266.658, 3.001
266.721, 2.99936
266.784, 2.99871
266.847, 2.99857
266.91, 2.99662
266.973, 2.99882
267.035, 2.99961
267.098, 2.99971
267.161, 2.99984
267.224, 2.99518
267.287, 2.99865
267.35, 2.99856
267.412, 2.99878
267.475, 2.99311
267.538, 2.99721
267.601, 2.99642
267.664, 2.99548
267.727, 2.99823
267.789, 3.00107
267.852, 3.00296
267.915, 3.00359
267.978, 2.99869
268.041, 2.99655
268.104, 2.99863
268.166, 2.99881
268.229, 3.00106
268.292, 3.0003
268.355, 3.00367
268.418, 3.00301
268.481, 2.9979
268.543, 2.99954
268.606, 2.99988
268.669, 2.9985
268.732, 3.00077
268.795, 3.00221
268.857, 2.99797
268.92, 3.00322
268.983, 3.00066
269.046, 3.00035
269.109, 3.00146
269.172, 3.00432
269.234, 3.00177
269.297, 2.99941
269.36, 2.99898
269.423, 2.99905
269.486, 2.9986
269.549, 3.00074
269.611, 2.99803
269.674, 3.00255
269.737, 3.00373
269.8, 3.00163
269.863, 2.99952
269.926, 2.9988
269.988, 2.99819
270.051, 2.99772
270.114, 3.00068
270.177, 3.00056
270.24, 2.99994
270.303, 2.99852
270.365, 2.99679
270.428, 3.00686
270.491, 3.00144
270.554, 3.00123
270.617, 2.99966
270.68, 3.00017
270.742, 2.99936
270.805, 2.99936
270.868, 3.00415
270.931, 2.99987
270.994, 2.99975
271.057, 2.99996
271.119, 3.00197
271.182, 3.0055
271.245, 3.00312
271.308, 3.00263
271.371, 3.00105
271.434, 3.00433
271.496, 3.00278
271.559, 3.0018
271.622, 3.0044
271.685, 3.00326
271.748, 3.00211
271.811, 3.00273
271.873, 3.00053
271.936, 3.00258
271.999, 3.00153
272.062, 2.99927
272.125, 3.00161
272.188, 3.00271
272.25, 3.00127
272.313, 3.00149
272.376, 3.0015
272.439, 3.00013
272.502, 2.99966
272.565, 3.00224
272.627, 3.00077
272.69, 2.99989
272.753, 3.00595
272.816, 3.00272
272.879, 3.0009
272.942, 2.99987
273.004, 3.00407
273.067, 3.0036
273.13, 3.00049
273.193, 3.00609
273.256, 3.00248
273.319, 3.00381
273.381, 3.00175
273.444, 3.00199
273.507, 2.99834
273.57, 2.99985
273.633, 3.00021
273.696, 2.99999
273.758, 2.99975
273.821, 2.99969
273.884, 2.99831
273.947, 2.99585
274.01, 3.00051
274.073, 2.99923
274.135, 3.00248
274.198, 3.00095
274.261, 3.00085
274.324, 3.00158
274.387, 2.99708
274.45, 2.99803
274.512, 2.99804
274.575, 2.99853
274.638, 2.99997
274.701, 2.99863
274.764, 2.99836
274.827, 2.99978
274.889, 2.99812
274.952, 3.00146
275.015, 3.00108
275.078, 2.99798
275.141, 2.99626
275.204, 2.99985
275.266, 3.00019
275.329, 2.99701
275.392, 3.00075
275.455, 2.99868
275.518, 3.00385
275.581, 2.99964
275.643, 3.00335
275.706, 3.00034
275.769, 2.99586
275.832, 3.0008
275.895, 2.99929
275.957, 2.99801
276.02, 2.99855
276.083, 2.99799
276.146, 2.99709
276.209, 2.99887
276.272, 2.99782
276.334, 2.99852
276.397, 2.99542
276.46, 3.00154
276.523, 3.00326
276.586, 2.99498
276.649, 2.99974
276.711, 3.00032
276.774, 3.00081
276.837, 2.99818
276.9, 2.99702
276.963, 3.00017
277.026, 2.99657
277.088, 2.99704
277.151, 2.99694
277.214, 2.99616
277.277, 2.99987
277.34, 3.00054
277.403, 3.00088
277.465, 2.99744
277.528, 2.99337
277.591, 2.99614
277.654, 2.997
277.717, 2.99921
277.78, 2.99916
277.842, 2.99763
277.905, 2.99892
277.968, 2.9977
278.031, 2.99921
278.094, 2.99677
278.157, 2.99727
278.219, 2.9986
278.282, 2.99695
278.345, 3.00027
278.408, 2.99942
278.471, 2.99989
278.534, 2.99777
278.596, 2.99572
278.659, 2.99601
278.722, 2.9978
278.785, 3.00084
278.848, 2.99908
278.911, 2.99861
278.973, 2.99831
279.036, 2.99618
279.099, 2.99672
279.162, 2.99737
279.225, 2.99781
279.288, 2.99785
279.35, 3.00072
279.413, 2.9993
279.476, 3.00102
279.539, 2.99901
279.602, 2.99998
279.665, 3.00098
279.727, 3.00084
279.79, 3.00008
279.853, 2.99944
279.916, 2.99992
279.979, 2.9982
280.042, 2.99859
280.104, 3.00124
280.167, 2.99898
280.23, 3.00209
280.293, 2.99876
280.356, 2.99942
280.419, 2.99897
280.481, 2.99858
280.544, 3.00238
280.607, 3.00328
280.67, 3.00383
280.733, 2.99858
280.796, 2.99854
280.858, 2.99938
280.921, 3.00179
280.984, 2.99893
281.047, 2.99391
281.11, 2.99948
281.173, 3.00024
281.235, 2.99674
281.298, 3.0024
281.361, 3.00067
281.424, 2.99645
281.487, 3.00022
281.55, 3.00335
281.612, 2.99777
281.675, 2.99881
281.738, 2.99927
281.801, 3.00307
281.864, 3.00173
281.927, 2.99895
281.989, 2.99846
282.052, 2.99961
282.115, 3.0022
282.178, 3.00277
282.241, 2.99837
282.304, 2.99973
282.366, 3.00357
282.429, 2.99991
282.492, 3.00401
282.555, 3.00012
282.618, 3.00025
282.681, 3.00253
282.743, 3.00107
282.806, 2.99732
282.869, 3.00066
282.932, 3.00066
282.995, 3.00297
283.057, 3.00277
283.12, 3.00283
283.183, 3.00488
283.246, 3.00165
283.309, 3.00088
283.372, 2.99904
283.434, 3.00233
283.497, 3.00208
283.56, 3.00139
283.623, 3.00248
283.686, 3.00087
283.749, 2.99997
283.811, 2.99687
283.874, 3.00058
283.937, 2.99791
284, 3.00044
284.063, 2.99881
284.126, 3.00146
284.188, 3.0009
284.251, 3.00225
284.314, 2.99871
284.377, 2.99945
284.44, 3.00071
284.503, 2.99842
284.565, 2.9971
284.628, 2.99962
284.691, 3.0026
284.754, 2.99831
284.817, 2.99737
284.88, 3.00271
284.942, 2.99905
285.005, 2.99932
285.068, 3.00008
285.131, 3.00091
285.194, 3.00231
285.257, 3.00168
285.319, 3.00192
285.382, 3.00041
285.445, 2.99929
285.508, 2.99872
285.571, 2.99961
285.634, 3.00354
285.696, 3.00251
285.759, 3.0009
285.822, 2.9973
285.885, 3.00085
285.948, 3.00167
286.011, 2.99414
286.073, 3.00181
286.136, 3.00146
286.199, 3.00129
286.262, 2.99937
286.325, 2.99953
286.388, 3.00322
286.45, 3.00511
286.513, 2.99954
286.576, 3.00073
286.639, 3.00085
286.702, 3.00418
286.765, 3.00325
286.827, 3.00376
286.89, 3.00218
286.953, 3.00172
287.016, 3.0046
287.079, 3.00234
287.142, 3.00227
287.204, 3.00039
287.267, 2.99985
287.33, 3.00131
287.393, 3.00242
287.456, 3.00175
287.519, 3.00296
287.581, 3.00437
287.644, 3.00228
287.707, 3.00566
287.77, 3.002
287.833, 3.00274
287.896, 3.00235
287.958, 2.99969
288.021, 2.99925
288.084, 2.9993
288.147, 2.99966
288.21, 3.00619
288.273, 3.00129
288.335, 2.99966
288.398, 3.00418
288.461, 3.00663
288.524, 3.0017
288.587, 3.00327
288.65, 2.99948
288.712, 3.00245
288.775, 3.00692
288.838, 3.00547
288.901, 3.00048
288.964, 3.00097
289.027, 3.00373
289.089, 3.00272
289.152, 3.00093
289.215, 3.00136
289.278, 3.00383
289.341, 3.00677
289.404, 2.99961
289.466, 3.00508
289.529, 3.00119
289.592, 3.00254
289.655, 2.99834
289.718, 2.99892
289.781, 2.99696
289.843, 2.99748
289.906, 3.0025
289.969, 2.99926
290.032, 2.99945
290.095, 2.99956
290.157, 3.00072
290.22, 2.99974
290.283, 3.00075
290.346, 2.99832
290.409, 3.00016
290.472, 3.00146
290.534, 2.99866
290.597, 2.99591
290.66, 3.00152
290.723, 2.99948
290.786, 2.99834
290.849, 3.00336
290.911, 2.99986
290.974, 2.99853
291.037, 3.00029
291.1, 2.99798
291.163, 2.99835
291.226, 3.00201
291.288, 3.00341
291.351, 3.00093
291.414, 3.00163
291.477, 2.9995
291.54, 3.00001
291.603, 2.99875
291.665, 2.99786
291.728, 3.001
291.791, 3.00254
291.854, 2.99764
291.917, 2.99908
291.98, 2.99854
292.042, 2.99824
292.105, 2.99641
292.168, 2.99999
292.231, 3.00128
292.294, 3.00096
292.357, 2.99771
292.419, 2.99765
292.482, 2.99616
292.545, 2.99694
292.608, 3.00053
292.671, 3.00327
292.734, 3.00304
292.796, 2.99919
292.859, 3.00086
292.922, 3.00058
292.985, 2.99959
293.048, 3.00367
293.111, 2.99859
293.173, 2.99968
293.236, 3.00164
293.299, 3.00139
293.362, 3.0039
293.425, 3.00263
293.488, 3.0039
293.55, 3.00473
293.613, 3.00089
293.676, 3.00096
293.739, 2.99937
293.802, 3.0046
293.865, 3.0007
293.927, 3.00101
293.99, 2.99967
294.053, 2.99853
294.116, 3.00018
294.179, 3.00221
294.242, 3.00381
294.304, 3.00209
294.367, 3.00074
294.43, 2.99931
294.493, 2.99891
294.556, 3.00078
294.619, 2.99821
294.681, 3.00118
294.744, 2.99829
294.807, 2.99903
294.87, 3.00044
294.933, 3.00427
294.996, 3.00249
295.058, 3.00527
295.121, 3.00211
295.184, 3.00063
295.247, 3.00016
295.31, 3.00324
295.373, 3.00027
295.435, 2.99987
295.498, 3.00281
295.561, 3.00437
295.624, 3.001
295.687, 3.00125
295.75, 3.00075
295.812, 3.00248
295.875, 3.00441
295.938, 2.99943
296.001, 3.00155
296.064, 3.00051
296.127, 2.99967
296.189, 3.00224
296.252, 2.99798
296.315, 2.99832
296.378, 2.99812
296.441, 2.99918
296.504, 2.99625
296.566, 2.99938
296.629, 2.99844
296.692, 3.00005
296.755, 2.99836
296.818, 2.99722
296.881, 3.00248
296.943, 3.00234
297.006, 3.00014
297.069, 2.99634
297.132, 2.99884
297.195, 2.99852
297.257, 3.0036
297.32, 3.00169
297.383, 3.00118
297.446, 3.0055
297.509, 3.00352
297.572, 3.00352
297.634, 3.00297
297.697, 2.99945
297.76, 2.99925
297.823, 2.99597
297.886, 2.99757
297.949, 3.00238
298.011, 3.00385
298.074, 3.00304
298.137, 3.00249
298.2, 3.00196
298.263, 3.00161
298.326, 3.00085
298.388, 3.00073
298.451, 3.00103
298.514, 3.00304
298.577, 2.99881
298.64, 3.00222
298.703, 3.00356
298.765, 3.00158
298.828, 3.00132
298.891, 3.00342
298.954, 3.00301
299.017, 3.00118
299.08, 3.00467
299.142, 3.00379
299.205, 3.00107
299.268, 2.99858
299.331, 3.0001
299.394, 3.00265
299.457, 2.99926
299.519, 2.99964
299.582, 2.99857
299.645, 3.00302
299.708, 3.00346
299.771, 3.00517
299.834, 3.00524
299.896, 3.00337
299.959, 3.00222
300.022, 3.0017
300.085, 3.00103
300.148, 3.00089
300.211, 2.99851
300.273, 2.99969
300.336, 3.00008
300.399, 3.00345
300.462, 3.00127
300.525, 3.00274
300.588, 3.00183
300.65, 3.00218
300.713, 3.0014
300.776, 3.00345
300.839, 3.00407
300.902, 3.00135
300.965, 3.00028
301.027, 3.00492
301.09, 3.00207
301.153, 3.0076
301.216, 3.00334
301.279, 3.00371
301.342, 3.00344
301.404, 2.99738
301.467, 3.00337
301.53, 3.0033
301.593, 3.00182
301.656, 3.00237
301.719, 3.00459
301.781, 3.00515
301.844, 3.00054
301.907, 3.0049
301.97, 3.00451
302.033, 3.00432
302.096, 3.00035
302.158, 3.00256
302.221, 3.00852
302.284, 3.00504
302.347, 3.00249
302.41, 3.00281
302.473, 3.00352
302.535, 3.00371
302.598, 3.00063
302.661, 3.00484
302.724, 3.00296
302.787, 3.00335
302.85, 3.00236
302.912, 3.00492
302.975, 3.00288
303.038, 3.00272
303.101, 3.00422
303.164, 3.00195
303.227, 3.0003
303.289, 3.00468
303.352, 3.00258
303.415, 3.00231
303.478, 3.00561
303.541, 3.0019
303.604, 3.00135
303.666, 3.00209
303.729, 2.99908
303.792, 3.00288
303.855, 3.00302
303.918, 3.00259
303.981, 3.00131
304.043, 2.99847
304.106, 3.00209
304.169, 3.00316
304.232, 3.00499
304.295, 3.00174
304.357, 3.00417
304.42, 3.00584
304.483, 3.00608
304.546, 3.00326
304.609, 2.99878
304.672, 3.00056
304.734, 3.00064
304.797, 2.99955
304.86, 3.00215
304.923, 3.00463
304.986, 3.00335
305.049, 3.00222
305.111, 3.00205
305.174, 3.0011
305.237, 3.00176
305.3, 3.00184
305.363, 3.00137
305.426, 3.00347
305.488, 3.0031
305.551, 3.00011
305.614, 2.999
305.677, 2.99976
305.74, 2.99949
305.803, 3.0009
305.865, 2.9996
305.928, 3.00301
305.991, 3.00097
306.054, 3.00112
306.117, 2.99951
306.18, 3.00132
306.242, 3.00377
306.305, 3.00265
306.368, 3.00442
306.431, 3.0056
306.494, 3.00481
306.557, 3.00101
306.619, 3.00337
306.682, 3.00183
306.745, 3.0051
306.808, 3.00035
306.871, 3.00081
306.934, 3.00145
306.996, 3.00085
307.059, 3.00234
307.122, 3.00299
307.185, 2.9984
307.248, 3.00204
307.311, 3.0008
307.373, 3.00364
307.436, 3.00113
307.499, 2.99843
307.562, 2.99762
307.625, 3.00154
307.688, 3.00249
307.75, 2.99884
307.813, 3.00201
307.876, 3.0021
307.939, 3.0007
308.002, 3.00276
308.065, 2.99985
308.127, 2.99753
308.19, 2.99944
308.253, 3.0021
308.316, 2.99958
308.379, 2.9971
308.442, 2.9967
308.504, 2.99939
308.567, 2.9994
308.63, 2.99834
308.693, 3.0048
308.756, 3.00147
308.819, 3.00251
308.881, 3.00235
308.944, 3.00133
309.007, 3.00374
309.07, 3.00306
309.133, 3.00109
309.196, 3.00278
309.258, 3.00061
309.321, 3.00206
309.384, 3.00487
309.447, 3.00244
309.51, 3.00513
309.573, 3.0025
309.635, 3.00088
309.698, 3.00305
309.761, 3.00285
309.824, 3.00743
309.887, 3.00402
309.95, 3.00372
310.012, 3.00404
310.075, 3.00683
310.138, 3.005
310.201, 3.00337
310.264, 3.00537
310.327, 3.00863
310.389, 3.0037
310.452, 3.0026
310.515, 3.0017
310.578, 3.00112
310.641, 3.00299
310.704, 3.00377
310.766, 3.00474
310.829, 3.00178
310.892, 3.00116
310.955, 3.00637
311.018, 3.00492
311.081, 3.00496
311.143, 3.00239
311.206, 3.00179
311.269, 3.00255
311.332, 3.00321
311.395, 3.00052
311.457, 3.00319
311.52, 3.00339
311.583, 3.00084
311.646, 2.99986
311.709, 3.00781
311.772, 3.00371
311.834, 3.00419
311.897, 3.0003
311.96, 3.0009
312.023, 3.0025
312.086, 3.00317
312.149, 3.00133
312.211, 3.00336
312.274, 3.00613
312.337, 2.99986
312.4, 3.00187
312.463, 3.00186
312.526, 3.00082
312.588, 3.00476
312.651, 3.00378
312.714, 3.00659
312.777, 3.00393
312.84, 3.00048
312.903, 3.00223
312.965, 2.9969
313.028, 2.99952
313.091, 3.00095
313.154, 3.002
313.217, 3.00223
313.28, 3.00232
313.342, 3.00208
313.405, 3.00291
313.468, 2.9992
313.531, 2.99909
313.594, 2.99969
313.657, 3.00238
313.719, 3.0043
313.782, 3.00242
313.845, 3.00579
313.908, 3.00354
313.971, 3.00395
314.034, 3.00285
314.096, 3.00307
314.159, 3.00339
