0, 1
0.0628319, 1.37572
0.125664, 1.46878
0.188496, 1.4955
0.251327, 1.50535
0.314159, 1.51326
0.376991, 1.51915
0.439823, 1.5234
0.502655, 1.5312
0.565487, 1.53465
0.628319, 1.53824
0.69115, 1.5446
0.753982, 1.5508
0.816814, 1.5596
0.879646, 1.56397
0.942478, 1.56697
1.00531, 1.57293
1.06814, 1.57807
1.13097, 1.58371
1.19381, 1.58677
1.25664, 1.5929
1.31947, 1.59973
1.3823, 1.60398
1.44513, 1.6083
1.50796, 1.61253
1.5708, 1.61917
1.63363, 1.62268
1.69646, 1.62748
1.75929, 1.63155
1.82212, 1.63383
1.88496, 1.63864
1.94779, 1.6412
2.01062, 1.64712
2.07345, 1.65122
2.13628, 1.65825
2.19911, 1.6618
2.26195, 1.66566
2.32478, 1.66885
2.38761, 1.66881
2.45044, 1.67774
2.51327, 1.68038
2.57611, 1.68385
2.63894, 1.685
2.70177, 1.69287
2.7646, 1.6955
2.82743, 1.69755
2.89027, 1.69863
2.9531, 1.70526
3.01593, 1.70704
3.07876, 1.71348
3.14159, 1.71641
3.20442, 1.72138
3.26726, 1.72365
3.33009, 1.72679
3.39292, 1.72955
3.45575, 1.732
3.51858, 1.73427
3.58142, 1.73773
3.64425, 1.74256
3.70708, 1.746
3.76991, 1.74932
3.83274, 1.75163
3.89557, 1.75336
3.95841, 1.75604
4.02124, 1.76053
4.08407, 1.76431
4.1469, 1.76446
4.20973, 1.7681
4.27257, 1.77206
4.3354, 1.77445
4.39823, 1.77606
4.46106, 1.77879
4.52389, 1.78033
4.58673, 1.78672
4.64956, 1.78931
4.71239, 1.78825
4.77522, 1.79077
4.83805, 1.79528
4.90088, 1.7981
4.96372, 1.79893
5.02655, 1.8024
5.08938, 1.80608
5.15221, 1.80518
5.21504, 1.80983
5.27788, 1.8105
5.34071, 1.81317
5.40354, 1.81712
5.46637, 1.81885
5.5292, 1.81791
5.59203, 1.8218
5.65487, 1.82489
5.7177, 1.825
5.78053, 1.82759
5.84336, 1.82856
5.90619, 1.8316
5.96903, 1.8341
6.03186, 1.8368
6.09469, 1.83946
6.15752, 1.84271
6.22035, 1.84292
6.28319, 1.8476
6.34602, 1.84842
6.40885, 1.84917
6.47168, 1.84966
6.53451, 1.85224
6.59734, 1.85238
6.66018, 1.85496
6.72301, 1.85809
6.78584, 1.86073
6.84867, 1.8629
6.9115, 1.86489
6.97434, 1.86632
7.03717, 1.8664
7.1, 1.86914
7.16283, 1.87079
7.22566, 1.8725
7.28849, 1.87397
7.35133, 1.8767
7.41416, 1.876
7.47699, 1.87786
7.53982, 1.87894
7.60265, 1.88237
7.66549, 1.88237
7.72832, 1.88281
7.79115, 1.88493
7.85398, 1.88759
7.91681, 1.88575
7.97965, 1.88998
8.04248, 1.89084
8.10531, 1.8924
8.16814, 1.89351
8.23097, 1.89423
8.2938, 1.89631
8.35664, 1.89476
8.41947, 1.89916
8.4823, 1.89827
8.54513, 1.89802
8.60796, 1.90027
8.6708, 1.90015
8.73363, 1.9009
8.79646, 1.90461
8.85929, 1.90615
8.92212, 1.90775
8.98495, 1.90677
9.04779, 1.90814
9.11062, 1.90934
9.17345, 1.91418
9.23628, 1.91512
9.29911, 1.91641
9.36195, 1.91448
9.42478, 1.91698
9.48761, 1.91582
9.55044, 1.91996
9.61327, 1.92222
9.67611, 1.9227
9.73894, 1.92206
9.80177, 1.92052
9.8646, 1.923
9.92743, 1.9251
9.99026, 1.9284
10.0531, 1.92512
10.1159, 1.92804
10.1788, 1.92557
10.2416, 1.92789
10.3044, 1.9319
10.3673, 1.93188
10.4301, 1.93066
10.4929, 1.93181
10.5558, 1.93061
10.6186, 1.93345
10.6814, 1.93708
10.7442, 1.93581
10.8071, 1.93644
10.8699, 1.93594
10.9327, 1.9397
10.9956, 1.93707
11.0584, 1.93842
11.1212, 1.94039
11.1841, 1.94309
11.2469, 1.94116
11.3097, 1.94216
11.3726, 1.9422
11.4354, 1.94584
11.4982, 1.94591
11.5611, 1.94728
11.6239, 1.94718
11.6867, 1.94582
11.7496, 1.94715
11.8124, 1.95099
11.8752, 1.94684
11.9381, 1.94832
12.0009, 1.95086
12.0637, 1.95236
12.1265, 1.94999
12.1894, 1.94882
12.2522, 1.952
12.315, 1.95278
12.3779, 1.95156
12.4407, 1.95244
12.5035, 1.95384
12.5664, 1.9529
12.6292, 1.95473
12.692, 1.95557
12.7549, 1.95711
12.8177, 1.95741
12.8805, 1.9585
12.9434, 1.9576
13.0062, 1.95909
13.069, 1.95805
13.1319, 1.95908
13.1947, 1.9606
13.2575, 1.95982
13.3204, 1.96269
13.3832, 1.96207
13.446, 1.96239
13.5088, 1.9644
13.5717, 1.96004
13.6345, 1.96224
13.6973, 1.96162
13.7602, 1.96097
13.823, 1.9622
13.8858, 1.9654
13.9487, 1.96578
14.0115, 1.96379
14.0743, 1.96469
14.1372, 1.96452
14.2, 1.9646
14.2628, 1.96537
14.3257, 1.9655
14.3885, 1.96689
14.4513, 1.96516
14.5142, 1.96501
14.577, 1.96914
14.6398, 1.96858
14.7027, 1.96826
14.7655, 1.9686
14.8283, 1.97047
14.8911, 1.96928
14.954, 1.96819
15.0168, 1.97028
15.0796, 1.96977
15.1425, 1.97117
15.2053, 1.97065
15.2681, 1.96922
15.331, 1.97227
15.3938, 1.97312
15.4566, 1.97359
15.5195, 1.97228
15.5823, 1.97036
15.6451, 1.97368
15.708, 1.97336
15.7708, 1.97254
15.8336, 1.97402
15.8965, 1.9722
15.9593, 1.97285
16.0221, 1.97368
16.085, 1.97314
16.1478, 1.97615
16.2106, 1.97718
16.2734, 1.97752
16.3363, 1.98037
16.3991, 1.97667
16.4619, 1.97743
16.5248, 1.97883
16.5876, 1.97967
16.6504, 1.98018
16.7133, 1.9806
16.7761, 1.97983
16.8389, 1.9794
16.9018, 1.97781
16.9646, 1.98052
17.0274, 1.98099
17.0903, 1.98044
17.1531, 1.98168
17.2159, 1.9829
17.2788, 1.98044
17.3416, 1.98177
17.4044, 1.98109
17.4673, 1.9822
17.5301, 1.9825
17.5929, 1.98203
17.6558, 1.98194
17.7186, 1.9828
17.7814, 1.98295
17.8442, 1.98467
17.9071, 1.984
17.9699, 1.98296
18.0327, 1.9793
18.0956, 1.98047
18.1584, 1.98248
18.2212, 1.98427
18.2841, 1.98496
18.3469, 1.9873
18.4097, 1.98754
18.4726, 1.98493
18.5354, 1.98413
18.5982, 1.98404
18.6611, 1.98635
18.7239, 1.98581
18.7867, 1.98652
18.8496, 1.98614
18.9124, 1.98216
18.9752, 1.98199
19.0381, 1.98275
19.1009, 1.98434
19.1637, 1.98638
19.2265, 1.9882
19.2894, 1.98567
19.3522, 1.98561
19.415, 1.98573
19.4779, 1.98728
19.5407, 1.98632
19.6035, 1.98805
19.6664, 1.99004
19.7292, 1.9896
19.792, 1.98806
19.8549, 1.98606
19.9177, 1.9878
19.9805, 1.99026
20.0434, 1.99234
20.1062, 1.98952
20.169, 1.98816
20.2319, 1.99065
20.2947, 1.9914
20.3575, 1.99296
20.4204, 1.99185
20.4832, 1.991
20.546, 1.98957
20.6088, 1.98995
20.6717, 1.9907
20.7345, 1.99257
20.7973, 1.98751
20.8602, 1.98949
20.923, 1.98852
20.9858, 1.98921
21.0487, 1.98909
21.1115, 1.98971
21.1743, 1.98829
21.2372, 1.98971
21.3, 1.99093
21.3628, 1.99453
21.4257, 1.99096
21.4885, 1.99032
21.5513, 1.99047
21.6142, 1.99315
21.677, 1.98777
21.7398, 1.98789
21.8027, 1.99029
21.8655, 1.99144
21.9283, 1.99178
21.9911, 1.99458
22.054, 1.9927
22.1168, 1.99324
22.1796, 1.99281
22.2425, 1.99263
22.3053, 1.99223
22.3681, 1.99225
22.431, 1.99275
22.4938, 1.99027
22.5566, 1.9919
22.6195, 1.99438
22.6823, 1.99493
22.7451, 1.99257
22.808, 1.99578
22.8708, 1.99535
22.9336, 1.9925
22.9965, 1.99453
23.0593, 1.99289
23.1221, 1.99487
23.185, 1.99922
23.2478, 1.99451
23.3106, 1.99501
23.3734, 1.99545
23.4363, 1.996
23.4991, 1.99428
23.5619, 1.99278
23.6248, 1.99451
23.6876, 1.99223
23.7504, 1.99451
23.8133, 1.99555
23.8761, 1.99432
23.9389, 1.99374
24.0018, 1.99362
24.0646, 1.9939
24.1274, 1.99578
24.1903, 1.99503
24.2531, 1.99353
24.3159, 1.99539
24.3788, 1.99459
24.4416, 1.99696
24.5044, 1.99631
24.5673, 1.99562
24.6301, 1.99477
24.6929, 1.99406
24.7558, 1.99612
24.8186, 1.996
24.8814, 1.99446
24.9442, 1.99631
25.0071, 1.9977
25.0699, 1.99594
25.1327, 1.99424
25.1956, 1.99596
25.2584, 1.99085
25.3212, 1.99586
25.3841, 1.9951
25.4469, 1.9961
25.5097, 1.99599
25.5726, 1.99878
25.6354, 1.99765
25.6982, 1.99812
25.7611, 1.99701
25.8239, 1.99681
25.8867, 1.99567
25.9496, 1.99441
26.0124, 1.99602
26.0752, 1.99561
26.1381, 1.99701
26.2009, 1.99588
26.2637, 1.99635
26.3265, 1.99906
26.3894, 1.99618
26.4522, 1.99749
26.515, 1.99804
26.5779, 1.99658
26.6407, 1.99666
26.7035, 1.99733
26.7664, 1.99988
26.8292, 1.99783
26.892, 2.00105
26.9549, 1.99662
27.0177, 1.99695
27.0805, 1.99622
27.1434, 1.99639
27.2062, 1.99562
27.269, 1.99793
27.3319, 1.99644
27.3947, 1.99583
27.4575, 1.99661
27.5204, 1.99697
27.5832, 1.99707
27.646, 1.99702
27.7088, 1.99954
27.7717, 1.99764
27.8345, 1.99705
27.8973, 1.99938
27.9602, 1.99763
28.023, 1.99736
28.0858, 1.99731
28.1487, 1.99634
28.2115, 1.99476
28.2743, 1.99759
28.3372, 1.99532
28.4, 1.99524
28.4628, 1.99417
28.5257, 1.99744
28.5885, 1.99836
28.6513, 1.997
28.7142, 1.99759
28.777, 1.99778
28.8398, 1.99716
28.9027, 1.99497
28.9655, 1.99714
29.0283, 1.99812
29.0911, 1.99756
29.154, 1.99898
29.2168, 1.99921
29.2796, 1.99781
29.3425, 1.99747
29.4053, 1.99524
29.4681, 1.99683
29.531, 1.99965
29.5938, 1.99877
29.6566, 1.99672
29.7195, 1.99671
29.7823, 1.99746
29.8451, 1.99699
29.908, 2.0002
29.9708, 2.0003
30.0336, 1.99859
30.0965, 1.99865
30.1593, 1.99846
30.2221, 2.00149
30.285, 1.99991
30.3478, 2.00143
30.4106, 2.0014
30.4734, 2.00074
30.5363, 2.00167
30.5991, 2.00121
30.6619, 1.99991
30.7248, 1.99805
30.7876, 1.99913
30.8504, 1.99897
30.9133, 1.99691
30.9761, 1.99751
31.0389, 2.00053
31.1018, 1.9989
31.1646, 1.99898
31.2274, 1.99986
31.2903, 1.99674
31.3531, 1.99936
31.4159, 1.99923
31.4788, 1.99751
31.5416, 1.99799
31.6044, 1.99775
31.6673, 2.0018
31.7301, 1.99951
31.7929, 1.99793
31.8557, 2.00024
31.9186, 2.00244
31.9814, 1.99981
32.0442, 1.99827
32.1071, 1.99994
32.1699, 1.99937
32.2327, 2.00074
32.2956, 1.9965
32.3584, 1.99953
32.4212, 2.00047
32.4841, 2.00047
32.5469, 2.00015
32.6097, 1.99996
32.6726, 2.00161
32.7354, 1.99914
32.7982, 1.99902
32.8611, 1.99771
32.9239, 2.00003
32.9867, 1.99983
33.0496, 1.99881
33.1124, 1.99961
33.1752, 1.99942
33.2381, 1.99922
33.3009, 1.99574
33.3637, 1.99944
33.4265, 1.99759
33.4894, 1.99952
33.5522, 1.99981
33.615, 2.00054
33.6779, 1.99939
33.7407, 2.00163
33.8035, 1.99731
33.8664, 1.99999
33.9292, 2.00003
33.992, 2.0014
34.0549, 1.9996
34.1177, 1.99864
34.1805, 2.00174
34.2434, 1.99981
34.3062, 2.00132
34.369, 2.00097
34.4319, 1.99911
34.4947, 2.00003
34.5575, 2.00153
34.6204, 2.00006
34.6832, 2.00038
34.746, 1.99958
34.8088, 2.00107
34.8717, 1.99913
34.9345, 2.00031
34.9973, 2.00211
35.0602, 1.99956
35.123, 1.9966
35.1858, 1.99862
35.2487, 2.00192
35.3115, 1.99954
35.3743, 1.99883
35.4372, 2.00079
35.5, 2.00013
35.5628, 2.00041
35.6257, 2.00156
35.6885, 2.00128
35.7513, 1.99895
35.8142, 2.0005
35.877, 1.99964
35.9398, 1.999
36.0027, 2.00086
36.0655, 2.00064
36.1283, 2.00091
36.1911, 2.00058
36.254, 1.99916
36.3168, 2
36.3796, 1.99739
36.4425, 1.99891
36.5053, 1.99846
36.5681, 1.99839
36.631, 1.9987
36.6938, 2.00073
36.7566, 1.99948
36.8195, 2.00265
36.8823, 2.00212
36.9451, 2.00343
37.008, 2.0017
37.0708, 1.99735
37.1336, 2.00172
37.1965, 1.99867
37.2593, 1.9998
37.3221, 1.99788
37.385, 1.99812
37.4478, 1.99935
37.5106, 2.00093
37.5734, 2.00189
37.6363, 1.99949
37.6991, 1.99797
37.7619, 1.99745
37.8248, 2.00052
37.8876, 1.99876
37.9504, 2.00008
38.0133, 1.99801
38.0761, 1.99622
38.1389, 1.99927
38.2018, 1.99874
38.2646, 1.99835
38.3274, 1.99792
38.3903, 1.99842
38.4531, 2.0011
38.5159, 1.99996
38.5788, 1.99852
38.6416, 1.99951
38.7044, 2
38.7673, 1.99711
38.8301, 1.99903
38.8929, 1.99893
38.9557, 1.99977
39.0186, 1.99891
39.0814, 1.99976
39.1442, 1.99823
39.2071, 2.00041
39.2699, 2.00197
39.3327, 1.9999
39.3956, 2.00135
39.4584, 1.99985
39.5212, 2.00135
39.5841, 1.99978
39.6469, 1.99958
39.7097, 2.00086
39.7726, 1.99964
39.8354, 2.00002
39.8982, 2.00009
39.9611, 2.00275
40.0239, 2.00189
40.0867, 1.99906
40.1496, 1.99795
40.2124, 1.99878
40.2752, 2.00064
40.338, 2.00174
40.4009, 2.00194
40.4637, 1.99966
40.5265, 1.99748
40.5894, 2.00237
40.6522, 2.0018
40.715, 2.00168
40.7779, 2.00231
40.8407, 1.99958
40.9035, 2.00184
40.9664, 2.00237
41.0292, 2.00025
41.092, 1.99837
41.1549, 2.00129
41.2177, 1.99819
41.2805, 2.00287
41.3434, 2.00413
41.4062, 2.00369
41.469, 1.99955
41.5319, 1.99963
41.5947, 1.99936
41.6575, 2.00247
41.7204, 2.00031
41.7832, 1.99875
41.846, 2.00004
41.9088, 2.00178
41.9717, 1.99982
42.0345, 2.00259
42.0973, 2.00061
42.1602, 2.00157
42.223, 2.00046
42.2858, 2.00009
42.3487, 2.00045
42.4115, 2.0005
42.4743, 1.99954
42.5372, 2.00119
42.6, 1.99745
42.6628, 1.99692
42.7257, 1.99922
42.7885, 1.99599
42.8513, 1.99824
42.9142, 1.9994
42.977, 1.99722
43.0398, 1.99783
43.1027, 1.997
43.1655, 1.99937
43.2283, 1.99934
43.2911, 1.9991
43.354, 1.9987
43.4168, 1.99708
43.4796, 1.99693
43.5425, 1.99543
43.6053, 1.99703
43.6681, 1.99964
43.731, 1.99832
43.7938, 1.99608
43.8566, 1.99657
43.9195, 1.9986
43.9823, 2.00028
44.0451, 1.99737
44.108, 1.99957
44.1708, 1.99773
44.2336, 1.99827
44.2965, 1.9987
44.3593, 2.00065
44.4221, 2.00264
44.485, 1.99949
44.5478, 1.99718
44.6106, 1.99882
44.6734, 1.99794
44.7363, 1.99651
44.7991, 1.99555
44.8619, 1.99677
44.9248, 1.99837
44.9876, 2.00151
45.0504, 2.00062
45.1133, 1.99999
45.1761, 1.99871
45.2389, 1.99686
45.3018, 1.99883
45.3646, 1.99746
45.4274, 1.99682
45.4903, 2.00056
45.5531, 1.99936
45.6159, 1.99967
45.6788, 2.00015
45.7416, 2.00164
45.8044, 1.99938
45.8673, 1.9999
45.9301, 2.00012
45.9929, 1.99676
46.0557, 1.99726
46.1186, 1.99867
46.1814, 1.99718
46.2442, 1.99701
46.3071, 1.99761
46.3699, 1.99896
46.4327, 2.00057
46.4956, 1.99968
46.5584, 1.99953
46.6212, 2.00019
46.6841, 2.00044
46.7469, 2.0007
46.8097, 1.99923
46.8726, 1.99953
46.9354, 1.99975
46.9982, 1.99935
47.0611, 1.99982
47.1239, 2.0001
47.1867, 1.99835
47.2496, 1.99955
47.3124, 2.00139
47.3752, 1.99973
47.438, 1.99934
47.5009, 1.99798
47.5637, 1.99913
47.6265, 1.9998
47.6894, 2.00164
47.7522, 1.99994
47.815, 1.99843
47.8779, 1.99964
47.9407, 1.99944
48.0035, 1.99952
48.0664, 2.00147
48.1292, 1.99792
48.192, 2.0004
48.2549, 1.99931
48.3177, 1.99971
48.3805, 2.00095
48.4434, 2.00116
48.5062, 1.99897
48.569, 1.99943
48.6319, 2.00008
48.6947, 2.00228
48.7575, 2.00318
48.8203, 1.99885
48.8832, 2.00053
48.946, 1.99924
49.0088, 2.00034
49.0717, 2.0006
49.1345, 1.99833
49.1973, 1.99976
49.2602, 1.99972
49.323, 1.99903
49.3858, 2.00118
49.4487, 1.99759
49.5115, 1.99992
49.5743, 1.99761
49.6372, 1.99716
49.7, 1.99802
49.7628, 2.00083
49.8257, 1.99837
49.8885, 2.00116
49.9513, 2.00151
50.0142, 2.00087
50.077, 2.00166
50.1398, 2.00391
50.2027, 2.00249
50.2655, 2.00282
50.3283, 2.00172
50.3911, 2.00115
50.454, 2.00452
50.5168, 2.00228
50.5796, 2.00436
50.6425, 2.00416
50.7053, 2.00249
50.7681, 2.00527
50.831, 2.00338
50.8938, 2.00417
50.9566, 2.00275
51.0195, 2.0058
51.0823, 2.00399
51.1451, 2.00344
51.208, 1.99922
51.2708, 2.00136
51.3336, 2.00323
51.3965, 2.00142
51.4593, 2.003
51.5221, 1.9999
51.585, 2.00109
51.6478, 2.00222
51.7106, 2.00194
51.7734, 2.00299
51.8363, 2.00317
51.8991, 2.00073
51.9619, 2.00457
52.0248, 2.00253
52.0876, 2.00158
52.1504, 1.99958
52.2133, 2.00448
52.2761, 2.00117
52.3389, 2.00018
52.4018, 1.99939
52.4646, 2.00009
52.5274, 2.0025
52.5903, 2.0027
52.6531, 2.00251
52.7159, 2.00194
52.7788, 1.99974
52.8416, 2.00206
52.9044, 2.00168
52.9673, 2.00191
53.0301, 2.00051
53.0929, 1.99835
53.1557, 2.00066
53.2186, 2.00147
53.2814, 2.00205
53.3442, 2.0019
53.4071, 2.00239
53.4699, 2.0033
53.5327, 2.00019
53.5956, 2.00061
53.6584, 1.99951
53.7212, 2.00133
53.7841, 2.00258
53.8469, 2.0005
53.9097, 2.00088
53.9726, 2.00245
54.0354, 2.00171
54.0982, 2.00061
54.1611, 1.99987
54.2239, 2.00261
54.2867, 2.00248
54.3496, 2.00243
54.4124, 2.00089
54.4752, 2.00347
54.538, 2.00335
54.6009, 2.00295
54.6637, 2.00216
54.7265, 2.00046
54.7894, 1.99719
54.8522, 2.00117
54.915, 2.00131
54.9779, 2.00386
55.0407, 2.00484
55.1035, 2.00423
55.1664, 2.00181
55.2292, 2.00191
55.292, 2.00227
55.3549, 2.00098
55.4177, 2.00102
55.4805, 2.00051
55.5434, 2.00123
55.6062, 2.00133
55.669, 2.00164
55.7319, 1.99827
55.7947, 1.99918
55.8575, 1.9973
55.9203, 1.99787
55.9832, 2.00011
56.046, 2.00224
56.1088, 2.00102
56.1717, 2.0014
56.2345, 1.99885
56.2973, 2.00058
56.3602, 1.99911
56.423, 1.99666
56.4858, 1.99922
56.5487, 1.99774
56.6115, 2.0003
56.6743, 1.99851
56.7372, 2.00082
56.8, 1.9995
56.8628, 2.00134
56.9257, 1.99827
56.9885, 2.0002
57.0513, 2.00067
57.1142, 2.00001
57.177, 1.99935
57.2398, 1.99988
57.3027, 1.99887
57.3655, 2.00088
57.4283, 2.001
57.4911, 1.99729
57.554, 1.9971
57.6168, 1.99738
57.6796, 1.99863
57.7425, 2.00102
57.8053, 1.9998
57.8681, 1.99906
57.931, 1.99863
57.9938, 2.00062
58.0566, 2.00351
58.1195, 2.00104
58.1823, 2.00223
58.2451, 2.00055
58.308, 2.0005
58.3708, 1.99964
58.4336, 1.99975
58.4965, 1.9995
58.5593, 1.99992
58.6221, 2.00255
58.685, 2.00127
58.7478, 2.00019
58.8106, 1.99763
58.8734, 1.99965
58.9363, 2.00198
58.9991, 2.00066
59.0619, 2.00032
59.1248, 2.00296
59.1876, 2.00153
59.2504, 2.00471
59.3133, 2.00249
59.3761, 2.00115
59.4389, 2.00319
59.5018, 2.00103
59.5646, 2.00211
59.6274, 2.00198
59.6903, 2.00141
59.7531, 1.9998
59.8159, 2.0033
59.8788, 2.00028
59.9416, 2.0008
60.0044, 2.00024
60.0673, 2.00318
60.1301, 2.00323
60.1929, 2.0011
60.2557, 2.00052
60.3186, 2.00051
60.3814, 2.00126
60.4442, 2.00036
60.5071, 1.9993
60.5699, 1.99821
60.6327, 2.00092
60.6956, 2.00265
60.7584, 1.9992
60.8212, 2.00051
60.8841, 2.00122
60.9469, 2.00034
61.0097, 1.99979
61.0726, 2.00145
61.1354, 1.99983
61.1982, 2.00033
61.2611, 1.9993
61.3239, 2.001
61.3867, 2.00005
61.4496, 1.99938
61.5124, 2.00058
61.5752, 2.00088
61.638, 2.0011
61.7009, 1.9999
61.7637, 1.99779
61.8265, 2.00138
61.8894, 2.0031
61.9522, 2.00098
62.015, 2.00129
62.0779, 2.00104
62.1407, 2.00001
62.2035, 2.00094
62.2664, 1.99983
62.3292, 1.99868
62.392, 2.00195
62.4549, 2.00016
62.5177, 2.0001
62.5805, 1.99874
62.6434, 2.00058
62.7062, 1.99987
62.769, 2.00126
62.8319, 2.00004
62.8947, 1.99876
62.9575, 2.00057
63.0203, 2.00219
63.0832, 1.99912
63.146, 2.00116
63.2088, 1.99974
63.2717, 2.00186
63.3345, 2.00402
63.3973, 2.00393
63.4602, 2.00235
63.523, 2.00346
63.5858, 2.0015
63.6487, 2.00102
63.7115, 2.00241
63.7743, 2.00118
63.8372, 2.00404
63.9, 2.00395
63.9628, 2.00329
64.0257, 2.00248
64.0885, 2.00133
64.1513, 2.00282
64.2142, 2.00092
64.277, 2.00191
64.3398, 2.00358
64.4026, 2.00023
64.4655, 2.00126
64.5283, 2.00015
64.5911, 2.00262
64.654, 2.00111
64.7168, 2.00128
64.7796, 2.00054
64.8425, 2.00461
64.9053, 2.00321
64.9681, 2.00351
65.031, 2.00561
65.0938, 2.00334
65.1566, 2.00296
65.2195, 2.00415
65.2823, 2.00531
65.3451, 2.00319
65.408, 2.00363
65.4708, 2.00412
65.5336, 2.00286
65.5965, 2.00432
65.6593, 2.0023
65.7221, 2.005
65.785, 2.00414
65.8478, 2.0055
65.9106, 2.00453
65.9734, 2.00242
66.0363, 2.00198
66.0991, 2.00487
66.1619, 2.00238
66.2248, 2.00322
66.2876, 2.00251
66.3504, 2.00539
66.4133, 2.00417
66.4761, 2.00318
66.5389, 2.00356
66.6018, 2.00592
66.6646, 2.00475
66.7274, 2.00244
66.7903, 2.00392
66.8531, 2.00417
66.9159, 2.00347
66.9788, 2.00408
67.0416, 2.00298
67.1044, 2.00414
67.1673, 2.00373
67.2301, 2.00619
67.2929, 2.00254
67.3557, 2.00532
67.4186, 2.00387
67.4814, 2.00158
67.5442, 2.00334
67.6071, 2.00251
67.6699, 2.0025
67.7327, 2.00265
67.7956, 2.00339
67.8584, 2.00233
67.9212, 2.00288
67.9841, 2.00352
68.0469, 2.00168
68.1097, 2.00651
68.1726, 2.00582
68.2354, 2.0055
68.2982, 2.0036
68.3611, 2.00209
68.4239, 2.00315
68.4867, 2.00291
68.5496, 2.00554
68.6124, 2.00196
68.6752, 2.00464
68.738, 2.00368
68.8009, 2.00484
68.8637, 2.00373
68.9265, 2.00043
68.9894, 2.00103
69.0522, 2.0041
69.115, 2.00567
69.1779, 2.00376
69.2407, 2.00326
69.3035, 2.00314
69.3664, 2.00212
69.4292, 2.00391
69.492, 2.00518
69.5549, 2.00387
69.6177, 2.00249
69.6805, 2.00672
69.7434, 2.00359
69.8062, 2.00064
69.869, 2.00319
69.9319, 2.00172
69.9947, 2.00164
70.0575, 2.00518
70.1203, 2.00334
70.1832, 2.00487
70.246, 2.0031
70.3088, 2.0042
70.3717, 2.00561
70.4345, 2.00546
70.4973, 2.00488
70.5602, 2.00399
70.623, 2.00174
70.6858, 2.0019
70.7487, 2.00335
70.8115, 2.00228
70.8743, 2.00245
70.9372, 2.00252
71, 2.00384
71.0628, 2.00392
71.1257, 2.00326
71.1885, 2.00436
71.2513, 2.00575
71.3142, 2.00313
71.377, 2.0017
71.4398, 2.00372
71.5026, 2.00626
71.5655, 2.0055
71.6283, 2.00448
71.6911, 2.00358
71.754, 2.00529
71.8168, 2.0038
71.8796, 2.00597
71.9425, 2.00379
72.0053, 2.00394
72.0681, 2.00307
72.131, 2.00439
72.1938, 2.00737
72.2566, 2.00429
72.3195, 2.00453
72.3823, 2.00423
72.4451, 2.00597
72.508, 2.00486
72.5708, 2.00494
72.6336, 2.00349
72.6965, 2.00796
72.7593, 2.00325
72.8221, 2.00127
72.8849, 2.00165
72.9478, 2.00292
73.0106, 2.00352
73.0734, 2.00421
73.1363, 2.00425
73.1991, 2.00622
73.2619, 2.00513
73.3248, 2.00451
73.3876, 2.00745
73.4504, 2.00267
73.5133, 2.00487
73.5761, 2.00386
73.6389, 2.00273
73.7018, 2.00818
73.7646, 2.00609
73.8274, 2.00544
73.8903, 2.00384
73.9531, 2.00688
74.0159, 2.00462
74.0788, 2.00365
74.1416, 2.0027
74.2044, 2.00361
74.2673, 2.00278
74.3301, 2.00512
74.3929, 2.00838
74.4557, 2.00679
74.5186, 2.00581
74.5814, 2.00404
74.6442, 2.00226
74.7071, 2.00338
74.7699, 2.00592
74.8327, 2.00524
74.8956, 2.00801
74.9584, 2.00704
75.0212, 2.00424
75.0841, 2.00479
75.1469, 2.00507
75.2097, 2.00415
75.2726, 2.00624
75.3354, 2.00566
75.3982, 2.00477
75.4611, 2.00583
75.5239, 2.00652
75.5867, 2.00539
75.6496, 2.00546
75.7124, 2.00309
75.7752, 1.99998
75.838, 2.00237
75.9009, 2.00399
75.9637, 2.00353
76.0265, 2.00345
76.0894, 2.00381
76.1522, 2.00241
76.215, 2.00297
76.2779, 2.00227
76.3407, 2.00206
76.4035, 2.00301
76.4664, 2.00394
76.5292, 2.00417
76.592, 2.0027
76.6549, 2.00219
76.7177, 2.00168
76.7805, 2.00232
76.8434, 2.00505
76.9062, 2.00734
76.969, 2.00433
77.0319, 2.00316
77.0947, 2.00485
77.1575, 2.00356
77.2203, 2.00521
77.2832, 2.00459
77.346, 2.00477
77.4088, 2.00265
77.4717, 2.00186
77.5345, 2.00376
77.5973, 2.00082
77.6602, 2.0036
77.723, 2.00135
77.7858, 2.0024
77.8487, 2.00268
77.9115, 2.0023
77.9743, 2.00337
78.0372, 2.00642
78.1, 2.00317
78.1628, 2.00236
78.2257, 2.0027
78.2885, 2.0035
78.3513, 2.00436
78.4142, 2.00232
78.477, 2.00202
78.5398, 2.00337
78.6026, 2.0034
78.6655, 2.00271
78.7283, 2.00423
78.7911, 2.00432
78.854, 2.00657
78.9168, 2.00377
78.9796, 2.00233
79.0425, 2.00307
79.1053, 2.00141
79.1681, 2.00298
79.231, 2.00393
79.2938, 2.00406
79.3566, 2.00298
79.4195, 2.0055
79.4823, 2.00592
79.5451, 2.00422
79.608, 2.00416
79.6708, 2.00307
79.7336, 2.00409
79.7965, 2.00164
79.8593, 2.00124
79.9221, 2.00369
79.9849, 2.00446
80.0478, 2.00609
80.1106, 2.00519
80.1734, 2.00168
80.2363, 2.00402
80.2991, 2.00305
80.3619, 2.00624
80.4248, 2.00083
80.4876, 2.00446
80.5504, 2.00312
80.6133, 2.00269
80.6761, 2.00365
80.7389, 2.0023
80.8018, 2.00295
80.8646, 2.00265
80.9274, 2.00449
80.9903, 2.00456
81.0531, 2.00405
81.1159, 2.00389
81.1788, 2.00442
81.2416, 2.00434
81.3044, 2.00377
81.3672, 2.00222
81.4301, 2.00138
81.4929, 2.00396
81.5557, 2.00269
81.6186, 2.00196
81.6814, 2.00444
81.7442, 2.00272
81.8071, 2.00288
81.8699, 2.0007
81.9327, 2.00091
81.9956, 2.00148
82.0584, 2.0013
82.1212, 2.00368
82.1841, 2.00231
82.2469, 2.00077
82.3097, 2.00029
82.3726, 2.00174
82.4354, 2.00067
82.4982, 1.99895
82.5611, 2.00198
82.6239, 2.0014
82.6867, 2.00284
82.7496, 2.00207
82.8124, 2.00173
82.8752, 2.00163
82.938, 2.00353
83.0009, 2.0025
83.0637, 2.00314
83.1265, 2.00189
83.1894, 2.00116
83.2522, 2.00049
83.315, 2.00064
83.3779, 2.00022
83.4407, 2.00115
83.5035, 2.00292
83.5664, 2.00094
83.6292, 2.00232
83.692, 1.99966
83.7549, 1.99907
83.8177, 1.99993
83.8805, 1.99861
83.9434, 1.99936
84.0062, 2.00196
84.069, 2.00082
84.1319, 1.99958
84.1947, 1.99956
84.2575, 1.99611
84.3203, 1.99923
84.3832, 2.00001
84.446, 2.00036
84.5088, 2.00337
84.5717, 2.00151
84.6345, 1.99753
84.6973, 1.99935
84.7602, 2.00032
84.823, 1.99904
84.8858, 2.00187
84.9487, 1.99924
85.0115, 1.99831
85.0743, 1.99978
85.1372, 2.00101
85.2, 2.00026
85.2628, 2.00043
85.3257, 1.99837
85.3885, 1.99819
85.4513, 1.99782
85.5142, 1.9985
85.577, 2.00189
85.6398, 1.99871
85.7026, 2.00201
85.7655, 1.99948
85.8283, 1.99592
85.8911, 1.99979
85.954, 1.99846
86.0168, 1.99772
86.0796, 1.99551
86.1425, 2.00072
86.2053, 2.00102
86.2681, 2.00252
86.331, 2.00199
86.3938, 1.99903
86.4566, 2.00041
86.5195, 2.00031
86.5823, 1.99933
86.6451, 1.99901
86.708, 2.00044
86.7708, 1.99911
86.8336, 1.99883
86.8965, 2.00131
86.9593, 1.99667
87.0221, 1.9995
87.0849, 1.99881
87.1478, 2.00027
87.2106, 1.99846
87.2734, 1.99759
87.3363, 1.99839
87.3991, 1.99906
87.4619, 1.99865
87.5248, 1.99958
87.5876, 1.99926
87.6504, 2.00138
87.7133, 1.99831
87.7761, 1.99628
87.8389, 1.99808
87.9018, 1.99698
87.9646, 1.99666
88.0274, 2.00171
88.0903, 1.99934
88.1531, 1.99677
88.2159, 1.99643
88.2788, 2.00037
88.3416, 1.99831
88.4044, 1.99632
88.4672, 2.00109
88.5301, 1.9992
88.5929, 1.99918
88.6557, 1.99736
88.7186, 1.99945
88.7814, 1.99964
88.8442, 2.00108
88.9071, 2.00112
88.9699, 1.99891
89.0327, 1.99981
89.0956, 1.99933
89.1584, 2.00253
89.2212, 1.99975
89.2841, 2.00197
89.3469, 2.00146
89.4097, 1.99879
89.4726, 1.99946
89.5354, 1.99812
89.5982, 1.99911
89.6611, 2.00182
89.7239, 2.00075
89.7867, 2.00155
89.8495, 2.00134
89.9124, 2.00342
89.9752, 2.00088
90.038, 2.00209
90.1009, 2.00031
90.1637, 2.00046
90.2265, 2.003
90.2894, 2.00009
90.3522, 2.00081
90.415, 2.00298
90.4779, 1.99965
90.5407, 2.00045
90.6035, 2.00352
90.6664, 2.00025
90.7292, 2.00109
90.792, 2.00059
90.8549, 1.99971
90.9177, 2.00023
90.9805, 2.00051
91.0434, 2.00286
91.1062, 2.00309
91.169, 2.003
91.2319, 2.00443
91.2947, 2.00137
91.3575, 2.00427
91.4203, 2.00239
91.4832, 2.00078
91.546, 2.00124
91.6088, 2.00283
91.6717, 2.00222
91.7345, 2.00148
91.7973, 1.99768
91.8602, 1.99906
91.923, 1.99888
91.9858, 1.99919
92.0487, 2.00095
92.1115, 2.0034
92.1743, 2.00291
92.2372, 2.0006
92.3, 1.99905
92.3628, 1.99944
92.4257, 2.00127
92.4885, 2.0007
92.5513, 2.00198
92.6142, 1.99952
92.677, 2.00031
92.7398, 2.00073
92.8026, 2.00208
92.8655, 2.00169
92.9283, 2.00185
92.9911, 2.00233
93.054, 2.0005
93.1168, 2.00149
93.1796, 2.00107
93.2425, 2.00207
93.3053, 2.00184
93.3681, 2.00121
93.431, 2.0029
93.4938, 2.00266
93.5566, 1.9998
93.6195, 2.00106
93.6823, 2.00225
93.7451, 2.00023
93.808, 2.0007
93.8708, 1.99902
93.9336, 2.0018
93.9965, 2.00144
94.0593, 1.99799
94.1221, 1.99911
94.1849, 1.99939
94.2478, 2.00074
94.3106, 1.99992
94.3734, 1.99708
94.4363, 2.00078
94.4991, 1.99977
94.5619, 1.99932
94.6248, 1.99961
94.6876, 2.00232
94.7504, 2.00246
94.8133, 2.00129
94.8761, 1.99967
94.9389, 1.99783
95.0018, 1.99736
95.0646, 1.99817
95.1274, 1.99952
95.1903, 1.99776
95.2531, 1.99832
95.3159, 1.99774
95.3788, 1.99886
95.4416, 1.99952
95.5044, 1.99882
95.5672, 1.99991
95.6301, 2.00135
95.6929, 2.00117
95.7557, 2.00029
95.8186, 2.00002
95.8814, 1.99827
95.9442, 1.99755
96.0071, 1.9992
96.0699, 1.99815
96.1327, 1.9996
96.1956, 2.00114
96.2584, 1.99806
96.3212, 1.99909
96.3841, 1.99886
96.4469, 1.99846
96.5097, 1.99762
96.5726, 2.00047
96.6354, 1.99832
96.6982, 1.99833
96.7611, 2.00162
96.8239, 2.00022
96.8867, 2.00029
96.9495, 2.00097
97.0124, 1.99853
97.0752, 1.99938
97.138, 1.99576
97.2009, 1.99997
97.2637, 1.99775
97.3265, 1.9982
97.3894, 1.99806
97.4522, 1.999
97.515, 1.99904
97.5779, 1.99919
97.6407, 1.99939
97.7035, 1.99823
97.7664, 1.99962
97.8292, 2.00018
97.892, 2.00062
97.9549, 1.99752
98.0177, 1.99913
98.0805, 1.99938
98.1434, 1.99908
98.2062, 1.99946
98.269, 1.99952
98.3319, 1.99758
98.3947, 1.99723
98.4575, 1.99981
98.5203, 1.99895
98.5832, 2.00346
98.646, 2.00018
98.7088, 2.00213
98.7717, 2.00251
98.8345, 2.00073
98.8973, 1.9994
98.9602, 1.9985
99.023, 1.9997
99.0858, 1.99952
99.1487, 1.99865
99.2115, 2.00029
99.2743, 2.00021
99.3372, 1.99829
99.4, 1.99952
99.4628, 1.99995
99.5257, 2.00204
99.5885, 1.99999
99.6513, 2.00013
99.7142, 2.0002
99.777, 1.99807
99.8398, 1.99861
99.9026, 1.99931
99.9655, 1.99921
100.028, 1.99923
100.091, 2.00181
100.154, 2.00023
100.217, 2.0013
100.28, 1.99952
100.342, 1.99822
100.405, 1.99994
100.468, 1.99991
100.531, 1.99933
100.594, 2.00184
100.657, 1.99934
100.719, 2.00039
100.782, 2.00019
100.845, 2.00064
100.908, 2.00003
100.971, 2.00002
101.034, 2.00004
101.096, 2.00067
101.159, 1.99756
101.222, 1.9991
101.285, 1.997
101.348, 2.00039
101.411, 1.998
101.473, 2.00044
101.536, 2.00079
101.599, 2.0007
101.662, 2.00084
101.725, 2.00211
101.788, 1.99969
101.85, 1.9977
101.913, 1.99722
101.976, 2.0032
102.039, 2.00132
102.102, 2.00045
102.165, 1.99985
102.227, 1.9994
102.29, 1.99903
102.353, 1.99974
102.416, 2.00158
102.479, 1.99933
102.542, 2.00131
102.604, 2.00056
102.667, 1.99928
102.73, 1.99845
102.793, 2.00159
102.856, 2.00101
102.919, 2.00216
102.981, 1.99905
103.044, 1.99945
103.107, 2.00096
103.17, 1.99904
103.233, 2.00192
103.296, 1.99916
103.358, 1.99814
103.421, 1.99876
103.484, 2.0008
103.547, 1.99986
103.61, 1.99937
103.673, 1.99866
103.735, 1.99885
103.798, 2.00118
103.861, 2.0009
103.924, 2.00015
103.987, 1.99903
104.05, 2.00003
104.112, 1.99968
104.175, 1.99973
104.238, 1.99725
104.301, 2.00015
104.364, 1.99949
104.427, 1.99725
104.489, 1.99952
104.552, 1.99921
104.615, 1.99814
104.678, 1.99788
104.741, 1.99869
104.804, 1.99721
104.866, 1.99838
104.929, 2.00112
104.992, 1.99947
105.055, 1.99926
105.118, 1.99935
105.181, 1.99876
105.243, 2.00057
105.306, 2.00103
105.369, 2.00062
105.432, 1.99941
105.495, 2.00211
105.558, 2.00098
105.62, 2.00061
105.683, 1.99898
105.746, 1.99929
105.809, 1.99952
105.872, 2.00286
105.935, 2.00327
105.997, 2.00179
106.06, 2.00337
106.123, 2.00265
106.186, 2.0021
106.249, 2.00242
106.311, 2.00093
106.374, 2.00217
106.437, 2.00131
106.5, 2.00295
106.563, 2.0007
106.626, 2.00127
106.688, 2.00052
106.751, 1.99833
106.814, 2.00185
106.877, 2.00064
106.94, 1.99858
107.003, 1.99953
107.065, 1.99922
107.128, 1.99855
107.191, 1.99964
107.254, 2.00117
107.317, 1.99591
107.38, 1.99917
107.442, 1.99972
107.505, 1.99956
107.568, 1.9987
107.631, 2.00133
107.694, 2.00152
107.757, 2.0011
107.819, 1.99991
107.882, 1.99663
107.945, 1.99761
108.008, 1.99962
108.071, 1.99914
108.134, 1.99984
108.196, 1.99991
108.259, 2.00136
108.322, 2.00173
108.385, 2.00053
108.448, 1.99855
108.511, 2.00076
108.573, 2.00127
108.636, 2.00146
108.699, 2.00089
108.762, 2.00034
108.825, 2.00075
108.888, 1.99923
108.95, 2.00233
109.013, 2.00086
109.076, 2.00157
109.139, 2.0001
109.202, 2.00107
109.265, 2.00274
109.327, 1.99975
109.39, 1.99872
109.453, 1.99844
109.516, 2.00085
109.579, 2.00037
109.642, 1.99978
109.704, 2.00011
109.767, 1.99907
109.83, 2.0006
109.893, 1.99832
109.956, 2.00197
110.019, 2.00082
110.081, 1.99928
110.144, 2.00192
110.207, 1.99866
110.27, 1.99899
110.333, 2.00147
110.396, 2.00124
110.458, 2.00027
110.521, 2.00352
110.584, 2.00005
110.647, 2.00218
110.71, 2.00136
110.773, 2.00205
110.835, 2.00127
110.898, 2.00207
110.961, 2.00085
111.024, 2.00018
111.087, 2.0027
111.15, 2.00111
111.212, 2.00281
111.275, 2.00129
111.338, 2.00104
111.401, 1.99871
111.464, 1.99993
111.527, 2.00235
111.589, 1.99908
111.652, 2.00108
111.715, 1.99805
111.778, 2.00036
111.841, 2.00114
111.904, 2.00125
111.966, 1.99889
112.029, 2.00106
112.092, 1.99794
112.155, 1.99964
112.218, 1.99914
112.281, 1.99963
112.343, 2.00007
112.406, 1.99554
112.469, 1.99998
112.532, 1.99805
112.595, 1.99932
112.658, 2.00057
112.72, 1.99798
112.783, 1.99904
112.846, 1.99747
112.909, 1.99766
112.972, 1.9983
113.035, 1.9985
113.097, 1.99989
113.16, 1.99903
113.223, 2.00036
113.286, 2.00077
113.349, 2.00127
113.411, 2.00303
113.474, 1.99844
113.537, 1.99762
113.6, 2.00105
113.663, 1.99871
113.726, 1.99935
113.788, 1.99968
113.851, 1.99947
113.914, 1.99911
113.977, 2.00021
114.04, 1.99857
114.103, 1.99856
114.165, 1.99786
114.228, 1.99816
114.291, 1.99706
114.354, 1.9991
114.417, 1.99659
114.48, 1.99509
114.542, 1.99728
114.605, 1.9984
114.668, 1.99873
114.731, 1.99602
114.794, 2.00006
114.857, 1.99897
114.919, 1.99769
114.982, 1.99962
115.045, 1.99968
115.108, 2.0004
115.171, 1.99963
115.234, 1.9984
115.296, 2.00065
115.359, 1.99786
115.422, 1.99626
115.485, 1.99476
115.548, 1.99657
115.611, 1.99903
115.673, 2.00023
115.736, 1.99784
115.799, 1.99831
115.862, 1.99875
115.925, 1.99561
115.988, 1.99675
116.05, 1.99599
116.113, 1.99686
116.176, 1.99765
116.239, 1.99752
116.302, 1.99665
116.365, 1.99862
116.427, 1.99597
116.49, 1.99498
116.553, 1.99668
116.616, 1.99858
116.679, 1.99521
116.742, 1.99705
116.804, 1.99787
116.867, 1.99691
116.93, 1.99606
116.993, 1.99679
117.056, 1.99842
117.119, 1.99789
117.181, 1.99494
117.244, 1.99879
117.307, 1.99616
117.37, 1.99844
117.433, 1.9973
117.496, 1.99819
117.558, 1.99596
117.621, 1.9958
117.684, 1.99879
117.747, 1.99878
117.81, 1.99735
117.873, 1.99798
117.935, 1.99698
117.998, 1.99947
118.061, 1.99651
118.124, 1.99795
118.187, 1.99733
118.25, 1.99824
118.312, 2.00119
118.375, 1.99637
118.438, 1.99692
118.501, 1.99687
118.564, 1.99783
118.627, 1.99601
118.689, 1.99503
118.752, 1.99564
118.815, 1.99709
118.878, 1.99826
118.941, 1.99674
119.004, 1.9973
119.066, 1.9957
119.129, 1.99708
119.192, 1.99687
119.255, 1.99834
119.318, 1.99663
119.381, 1.9956
119.443, 1.99508
119.506, 1.99603
119.569, 1.99557
119.632, 1.99687
119.695, 1.99541
119.758, 1.99631
119.82, 1.99676
119.883, 1.99761
119.946, 1.99924
120.009, 1.99528
120.072, 1.99611
120.135, 1.9982
120.197, 1.99701
120.26, 1.99814
120.323, 1.99717
120.386, 1.99695
120.449, 1.9964
120.511, 1.99794
120.574, 1.99725
120.637, 1.99712
120.7, 1.99614
120.763, 1.99881
120.826, 1.99942
120.888, 1.99858
120.951, 1.99707
121.014, 1.99954
121.077, 1.99967
121.14, 1.99757
121.203, 1.99931
121.265, 1.99799
121.328, 1.99671
121.391, 1.99983
121.454, 2.00071
121.517, 2.00017
121.58, 2.0003
121.642, 1.99871
121.705, 2.00298
121.768, 2.00071
121.831, 2.0007
121.894, 2.00379
121.957, 2.00119
122.019, 1.99948
122.082, 2.00182
122.145, 2.002
122.208, 2.00013
122.271, 2.00252
122.334, 2.0011
122.396, 2.00017
122.459, 2.0006
122.522, 2.00026
122.585, 1.99849
122.648, 2.00112
122.711, 2.0013
122.773, 2.00093
122.836, 2.00174
122.899, 2.00273
122.962, 2.00264
123.025, 1.9997
123.088, 2.00004
123.15, 2.00049
123.213, 2.00132
123.276, 2.00137
123.339, 2.00127
123.402, 2.00214
123.465, 1.99994
123.527, 2.00001
123.59, 1.99763
123.653, 1.99572
123.716, 1.99961
123.779, 1.9996
123.842, 1.99931
123.904, 2.00041
123.967, 1.99893
124.03, 1.99902
124.093, 1.99924
124.156, 2.00327
124.219, 2.00103
124.281, 2.0019
124.344, 2.00045
124.407, 2.00127
124.47, 1.99986
124.533, 2.00195
124.596, 2.00025
124.658, 1.99681
124.721, 1.99858
124.784, 2.0039
124.847, 2.00183
124.91, 2.00095
124.973, 2.00207
125.035, 2.00419
125.098, 2.00051
125.161, 2.00052
125.224, 2.00052
125.287, 1.9995
125.35, 2.0002
125.412, 1.99793
125.475, 2.00009
125.538, 2.00324
125.601, 2.00041
125.664, 2.00072
125.727, 2.0043
125.789, 2.00138
125.852, 2.00208
125.915, 2.00184
125.978, 1.99879
126.041, 1.99999
126.104, 2.00293
126.166, 2.00127
126.229, 2.00197
126.292, 2.0028
126.355, 2.00015
126.418, 1.99826
126.481, 2.00059
126.543, 2.002
126.606, 2.00135
126.669, 1.99913
126.732, 1.9992
126.795, 2.0011
126.858, 2.00103
126.92, 1.99977
126.983, 1.99893
127.046, 2.00029
127.109, 1.99819
127.172, 2.00011
127.235, 1.9983
127.297, 1.99993
127.36, 2.00265
127.423, 1.999
127.486, 2.00125
127.549, 1.99955
127.611, 1.99967
127.674, 1.99572
127.737, 1.9988
127.8, 2.0012
127.863, 2.00021
127.926, 2.0012
127.988, 1.99794
128.051, 1.99954
128.114, 1.9984
128.177, 2.00116
128.24, 1.99992
128.303, 2.00062
128.365, 2.00095
128.428, 2.00126
128.491, 2.00108
128.554, 1.99944
128.617, 1.99937
128.68, 2.00006
128.742, 2.00018
128.805, 1.99996
128.868, 2.00082
128.931, 1.99971
128.994, 2.00091
129.057, 2.00047
129.119, 2.00006
129.182, 1.99724
129.245, 1.99859
129.308, 1.99867
129.371, 1.99793
129.434, 2.00011
129.496, 1.99726
129.559, 2.0003
129.622, 2.00013
129.685, 1.99911
129.748, 2.00172
129.811, 2.00086
129.873, 1.99857
129.936, 2.00092
129.999, 1.99912
130.062, 1.99904
130.125, 2.00063
130.188, 2.00086
130.25, 1.99991
130.313, 1.99835
130.376, 2.00123
130.439, 2.0001
130.502, 1.99975
130.565, 2.00106
130.627, 1.99983
130.69, 1.9998
130.753, 2.00078
130.816, 1.9999
130.879, 1.99965
130.942, 1.99965
131.004, 2.00058
131.067, 2.00211
131.13, 1.99813
131.193, 2.0011
131.256, 1.99809
131.319, 1.99977
131.381, 1.99999
131.444, 2.0011
131.507, 2.00011
131.57, 1.99956
131.633, 2.00032
131.696, 1.99984
131.758, 2.00259
131.821, 2.00035
131.884, 2.00046
131.947, 2.00223
132.01, 2.00123
132.073, 1.99912
132.135, 1.99849
132.198, 2.0018
132.261, 2.00282
132.324, 2.00155
132.387, 2.00207
132.45, 2.00299
132.512, 2.00201
132.575, 1.99943
132.638, 2.00125
132.701, 1.99831
132.764, 2.00123
132.827, 1.99778
132.889, 1.9989
132.952, 1.99928
133.015, 2.00002
133.078, 2.00317
133.141, 2.00163
133.204, 2.00053
133.266, 1.99877
133.329, 2.0013
133.392, 2.00115
133.455, 1.99821
133.518, 2.00017
133.581, 1.99901
133.643, 1.99611
133.706, 1.99934
133.769, 1.99748
133.832, 1.99938
133.895, 1.99854
133.958, 1.99785
134.02, 2.00064
134.083, 2.00189
134.146, 2.00111
134.209, 1.9992
134.272, 2.00017
134.335, 1.99855
134.397, 2.0004
134.46, 2.00064
134.523, 2.00067
134.586, 1.99832
134.649, 2.00026
134.711, 2.00025
134.774, 1.99887
134.837, 2.00388
134.9, 2.00183
134.963, 1.99879
135.026, 2.0005
135.088, 2.00048
135.151, 2.00051
135.214, 1.99951
135.277, 2.00087
135.34, 2.0023
135.403, 2.00229
135.465, 2.00184
135.528, 2.00031
135.591, 2.00196
135.654, 2.00022
135.717, 2.00134
135.78, 1.9997
135.842, 1.9998
135.905, 2.00016
135.968, 2.00008
136.031, 2.00002
136.094, 1.99845
136.157, 1.99873
136.219, 2.00161
136.282, 2.00053
136.345, 1.99896
136.408, 1.99928
136.471, 1.99783
136.534, 1.99883
136.596, 2.00002
136.659, 1.99829
136.722, 1.99973
136.785, 1.99833
136.848, 1.99833
136.911, 1.99829
136.973, 1.9988
137.036, 1.99925
137.099, 1.99795
137.162, 2.0007
137.225, 2.0017
137.288, 2.00026
137.35, 2.00051
137.413, 1.9998
137.476, 1.99963
137.539, 1.99906
137.602, 1.99968
137.665, 2.00065
137.727, 2.00015
137.79, 1.99875
137.853, 1.99744
137.916, 1.99719
137.979, 1.99669
138.042, 1.9988
138.104, 1.99803
138.167, 1.99845
138.23, 1.99891
138.293, 1.99985
138.356, 1.99944
138.419, 1.99957
138.481, 1.99935
138.544, 1.99792
138.607, 1.99712
138.67, 1.99833
138.733, 1.99871
138.796, 1.99963
138.858, 1.99899
138.921, 2.00062
138.984, 2.00171
139.047, 1.99957
139.11, 1.99828
139.173, 1.99927
139.235, 1.99957
139.298, 2.001
139.361, 2.00007
139.424, 2.00152
139.487, 2.00159
139.55, 1.99921
139.612, 2.0008
139.675, 2.00116
139.738, 2.00028
139.801, 2.00278
139.864, 2.00078
139.927, 2.0026
139.989, 2.00257
140.052, 2.00114
140.115, 1.99835
140.178, 2.00031
140.241, 2.00351
140.304, 2.00312
140.366, 1.99927
140.429, 2.0006
140.492, 2.00248
140.555, 2.00362
140.618, 2.00226
140.681, 2.0011
140.743, 2.00153
140.806, 2.0011
140.869, 2.00073
140.932, 2.00133
140.995, 2.00145
141.058, 2.0007
141.12, 2.0022
141.183, 2.00127
141.246, 2.00067
141.309, 1.9988
141.372, 1.99922
141.435, 1.99873
141.497, 1.99843
141.56, 2.00103
141.623, 2.00123
141.686, 1.99949
141.749, 2.00027
141.811, 1.99909
141.874, 1.99825
141.937, 2.0015
142, 2.00207
142.063, 2.00054
142.126, 1.99978
142.188, 1.99912
142.251, 2.00082
142.314, 1.99955
142.377, 1.99696
142.44, 2.0002
142.503, 1.99873
142.565, 2.00151
142.628, 2.00268
142.691, 2.00075
142.754, 2.00099
142.817, 1.99862
142.88, 2.00179
142.942, 2.0037
143.005, 1.99999
143.068, 2.00013
143.131, 2.00122
143.194, 2.00197
143.257, 1.99924
143.319, 2.00003
143.382, 1.99882
143.445, 2.0007
143.508, 1.99895
143.571, 1.99955
143.634, 2.00023
143.696, 1.99763
143.759, 1.99793
143.822, 1.99978
143.885, 2.00051
143.948, 1.999
144.011, 2.00119
144.073, 2.00209
144.136, 2.00436
144.199, 2.00095
144.262, 2.00246
144.325, 2.00221
144.388, 2.00029
144.45, 2.00071
144.513, 1.99691
144.576, 2.00144
144.639, 2.00085
144.702, 1.99945
144.765, 1.99929
144.827, 2.00176
144.89, 2.00086
144.953, 2.00128
145.016, 2.00149
145.079, 2.0014
145.142, 2.0024
145.204, 1.99728
145.267, 2.00026
145.33, 2.00032
145.393, 2.00126
145.456, 1.99931
145.519, 2.00035
145.581, 1.99875
145.644, 2.00038
145.707, 1.99838
145.77, 1.99858
145.833, 1.9995
145.896, 1.99939
145.958, 2.00033
146.021, 2.00019
146.084, 2.00001
146.147, 1.99844
146.21, 1.99815
146.273, 1.99753
146.335, 2.00014
146.398, 1.99904
146.461, 2.00226
146.524, 2.0046
146.587, 1.99999
146.65, 2.00115
146.712, 2.00243
146.775, 2.00401
146.838, 2.00117
146.901, 2.00165
146.964, 2.00023
147.027, 2.00168
147.089, 2.00072
147.152, 1.99915
147.215, 2.00019
147.278, 1.99868
147.341, 2.00074
147.404, 2.00046
147.466, 2.00043
147.529, 2.00107
147.592, 1.99881
147.655, 2.00172
147.718, 2.00259
147.781, 1.99966
147.843, 1.9984
147.906, 1.99895
147.969, 2.00042
148.032, 1.99711
148.095, 1.99784
148.158, 1.9993
148.22, 1.9994
148.283, 1.99974
148.346, 2.00358
148.409, 1.99953
148.472, 2.00004
148.535, 1.99977
148.597, 2.0014
148.66, 1.99797
148.723, 2.00074
148.786, 2.00203
148.849, 2.00211
148.911, 2.00218
148.974, 2.00337
149.037, 2.00168
149.1, 2.00041
149.163, 2.00202
149.226, 2.00022
149.288, 2.00239
149.351, 2.00218
149.414, 2.00186
149.477, 2.00028
149.54, 2.00241
149.603, 2.00195
149.665, 2.00118
149.728, 2.00088
149.791, 2.00317
149.854, 2.00278
149.917, 1.99984
149.98, 2.00495
150.042, 2.00021
150.105, 1.9983
150.168, 2.00079
150.231, 2.00041
150.294, 2.0008
150.357, 2.00267
150.419, 2.00189
150.482, 2.00095
150.545, 2.00026
150.608, 2.00273
150.671, 1.99956
150.734, 2.0014
150.796, 2.00228
150.859, 1.99969
150.922, 2.00134
150.985, 2.00218
151.048, 2.00239
151.111, 1.999
151.173, 1.99875
151.236, 2.00149
151.299, 2.00116
151.362, 1.99992
151.425, 2.0025
151.488, 2.00217
151.55, 2.0004
151.613, 1.99858
151.676, 1.99815
151.739, 1.99836
151.802, 2.00006
151.865, 1.99884
151.927, 1.99931
151.99, 1.99833
152.053, 2.0001
152.116, 1.99966
152.179, 2.0012
152.242, 2.00262
152.304, 2.00195
152.367, 1.99987
152.43, 2.00032
152.493, 1.99992
152.556, 2.00147
152.619, 2.00251
152.681, 2.00151
152.744, 2.00146
152.807, 2.00016
152.87, 2.0028
152.933, 2.00175
152.996, 2.00395
153.058, 2.00173
153.121, 2.00221
153.184, 2.00329
153.247, 2.00247
153.31, 2.00282
153.373, 2.00352
153.435, 2.00338
153.498, 2.0035
153.561, 2.00438
153.624, 2.00315
153.687, 2.00327
153.75, 2.00481
153.812, 2.00209
153.875, 2.00226
153.938, 2.00072
154.001, 2.00145
154.064, 2.00219
154.127, 2.00185
154.189, 2.00023
154.252, 2.00315
154.315, 2.00057
154.378, 1.99903
154.441, 2.00091
154.504, 2.00186
154.566, 2.00123
154.629, 2.0007
154.692, 2.00052
154.755, 2.00199
154.818, 2.00145
154.881, 2.0011
154.943, 1.99944
155.006, 1.99835
155.069, 1.99904
155.132, 2.00045
155.195, 2.00064
155.258, 1.99996
155.32, 1.99845
155.383, 2.00229
155.446, 1.99775
155.509, 2.00001
155.572, 1.99793
155.635, 1.9963
155.697, 1.99815
155.76, 1.99901
155.823, 1.99975
155.886, 1.99864
155.949, 1.99959
156.011, 1.9976
156.074, 2.00051
156.137, 2.00085
156.2, 2.00008
156.263, 2.0006
156.326, 2.00085
156.388, 1.99965
156.451, 1.99909
156.514, 2.00151
156.577, 2.003
156.64, 2.00115
156.703, 2.00043
156.765, 2.00076
156.828, 2.00062
156.891, 2.00159
156.954, 2.00112
157.017, 2.00409
157.08, 2.00309
157.142, 2.00221
157.205, 2.00099
157.268, 2.00156
157.331, 2.00334
157.394, 2.00082
157.457, 2.00092
157.519, 2.0014
157.582, 2.00131
157.645, 2.00101
157.708, 2.00035
157.771, 2.00265
157.834, 1.99956
157.896, 1.99997
157.959, 2.00172
158.022, 2.0022
158.085, 2.00104
158.148, 2.00026
158.211, 1.99977
158.273, 2.00123
158.336, 2.00023
158.399, 2.00094
158.462, 2.0006
158.525, 2.00042
158.588, 2.00183
158.65, 1.99907
158.713, 2.00044
158.776, 1.99976
158.839, 2.00308
158.902, 2.00116
158.965, 2.00029
159.027, 2.00179
159.09, 1.99926
159.153, 1.99994
159.216, 2.00239
159.279, 2.00443
159.342, 2.00314
159.404, 2.00274
159.467, 1.99979
159.53, 1.99977
159.593, 2.00033
159.656, 1.99963
159.719, 2.00079
159.781, 1.99581
159.844, 1.99916
159.907, 2.00221
159.97, 2.00091
160.033, 2.00257
160.096, 2.00391
160.158, 2.00246
160.221, 2.00037
160.284, 1.99874
160.347, 1.99845
160.41, 1.99915
160.473, 1.99747
160.535, 1.99949
160.598, 2.00293
160.661, 2.00077
160.724, 2.00061
160.787, 1.9998
160.85, 2.00053
160.912, 1.99944
160.975, 1.99832
161.038, 1.9995
161.101, 1.99646
161.164, 2.00081
161.227, 2.00072
161.289, 1.99951
161.352, 1.99892
161.415, 1.99905
161.478, 1.99852
161.541, 1.99827
161.604, 1.9992
161.666, 2.00088
161.729, 1.99957
161.792, 1.99817
161.855, 1.99886
161.918, 1.99927
161.981, 1.99976
162.043, 2.00139
162.106, 1.99948
162.169, 1.9991
162.232, 1.99822
162.295, 1.9971
162.358, 1.99851
162.42, 1.99905
162.483, 2.00121
162.546, 2.00119
162.609, 1.99723
162.672, 1.99755
162.734, 2.00022
162.797, 1.99893
162.86, 2.00156
162.923, 2.0002
162.986, 2.00026
163.049, 1.99932
163.111, 2.00167
163.174, 1.99887
163.237, 1.99912
163.3, 1.99922
163.363, 1.99906
163.426, 1.99833
163.488, 2.00016
163.551, 1.99898
163.614, 1.99887
163.677, 2.0012
163.74, 1.99677
163.803, 2.00085
163.865, 2.001
163.928, 1.9971
163.991, 2.00125
164.054, 1.99974
164.117, 1.99798
164.18, 1.99723
164.242, 1.99773
164.305, 1.99869
164.368, 1.99881
164.431, 2.00013
164.494, 1.99928
164.557, 1.99834
164.619, 2.00187
164.682, 2.00084
164.745, 2.00046
164.808, 2.00008
164.871, 2.00005
164.934, 1.99957
164.996, 2.00073
165.059, 2.00045
165.122, 2.0005
165.185, 2.00016
165.248, 2.00033
165.311, 1.99843
165.373, 2.00079
165.436, 2.00074
165.499, 1.99811
165.562, 2.00029
165.625, 2.00092
165.688, 1.9987
165.75, 2.00099
165.813, 2.00114
165.876, 1.9996
165.939, 2.00073
166.002, 1.99976
166.065, 2.00136
166.127, 2.00031
166.19, 2.00128
166.253, 2.00017
166.316, 2.00358
166.379, 2.00164
166.442, 1.99998
166.504, 1.99916
166.567, 1.99892
166.63, 2.00183
166.693, 2.0008
166.756, 1.99763
166.819, 1.99961
166.881, 1.99938
166.944, 1.99892
167.007, 1.99979
167.07, 1.99977
167.133, 1.99985
167.196, 1.99864
167.258, 2.00231
167.321, 2.0009
167.384, 1.99815
167.447, 1.99871
167.51, 1.99902
167.573, 2.00119
167.635, 2.00161
167.698, 2.00088
167.761, 1.99913
167.824, 1.99973
167.887, 1.99933
167.95, 1.99969
168.012, 2.00048
168.075, 2.00124
168.138, 2.00268
168.201, 2.00161
168.264, 2.00014
168.327, 2.00124
168.389, 1.99995
168.452, 1.9999
168.515, 1.99968
168.578, 2.00093
168.641, 1.99814
168.704, 1.99739
168.766, 1.99897
168.829, 2.00056
168.892, 1.99623
168.955, 1.99828
169.018, 2.00071
169.081, 1.9999
169.143, 2.0009
169.206, 2.00297
169.269, 2.0006
169.332, 2.00061
169.395, 2.00038
169.458, 2.00102
169.52, 2.00199
169.583, 2.0016
169.646, 2.00177
169.709, 1.99892
169.772, 1.99949
169.834, 1.99858
169.897, 2.00024
169.96, 1.99755
170.023, 1.99627
170.086, 2.00003
170.149, 1.99993
170.211, 2.00017
170.274, 2.00239
170.337, 2.00104
170.4, 2.00451
170.463, 2.00114
170.526, 2.00261
170.588, 1.99936
170.651, 2.00014
170.714, 2.00088
170.777, 1.99917
170.84, 2.00366
170.903, 1.9996
170.965, 1.99804
171.028, 2.00032
171.091, 1.99958
171.154, 2.00085
171.217, 2.00315
171.28, 2.0012
171.342, 2.0007
171.405, 2.00272
171.468, 2.00251
171.531, 2.00172
171.594, 2.00291
171.657, 2.00062
171.719, 2.00083
171.782, 2.00035
171.845, 2.00177
171.908, 2.00107
171.971, 2.00087
172.034, 2.00183
172.096, 2.00123
172.159, 2.00207
172.222, 2.00184
172.285, 2.00218
172.348, 1.9995
172.411, 2.0012
172.473, 2.0004
172.536, 2.00248
172.599, 2.00507
172.662, 2.00232
172.725, 2.0037
172.788, 2.00091
172.85, 2.00248
172.913, 2.00199
172.976, 2.00163
173.039, 2.00329
173.102, 2.00486
173.165, 2.00314
173.227, 2.00113
173.29, 2.00121
173.353, 2.00318
173.416, 2.00098
173.479, 2.00218
173.542, 2.00194
173.604, 2.00106
173.667, 2.00118
173.73, 2.00252
173.793, 2.00054
173.856, 2.00241
173.919, 2.00275
173.981, 2.00418
174.044, 2.00419
174.107, 2.00484
174.17, 2.00441
174.233, 2.00191
174.296, 2.00223
174.358, 2.00109
174.421, 2.00126
174.484, 2.00362
174.547, 2.00385
174.61, 2.00368
174.673, 1.99874
174.735, 1.99913
174.798, 2.00077
174.861, 2.00273
174.924, 2.00325
174.987, 2.00372
175.05, 2.00274
175.112, 2.0017
175.175, 2.00252
175.238, 2.00083
175.301, 2.00178
175.364, 1.99989
175.427, 2.00153
175.489, 2.00006
175.552, 2.00222
175.615, 2.00197
175.678, 1.99906
175.741, 2.00136
175.804, 2.00155
175.866, 2.00205
175.929, 2.00362
175.992, 2.00262
176.055, 2.00358
176.118, 2.00455
176.181, 2.00152
176.243, 2.00141
176.306, 2.00262
176.369, 2.0015
176.432, 1.99864
176.495, 2.00299
176.558, 1.99979
176.62, 1.99888
176.683, 2.00193
176.746, 2.00303
176.809, 2.00228
176.872, 2.0009
176.934, 1.99967
176.997, 2.00024
177.06, 1.99935
177.123, 2.00036
177.186, 1.99805
177.249, 1.99997
177.311, 1.99976
177.374, 2.00103
177.437, 2.00111
177.5, 1.99902
177.563, 1.99739
177.626, 1.9999
177.688, 2.00147
177.751, 1.99874
177.814, 1.99904
177.877, 2.00158
177.94, 2.00051
178.003, 2.00072
178.065, 1.99936
178.128, 1.9994
178.191, 2.0006
178.254, 1.99886
178.317, 1.99966
178.38, 2.00076
178.442, 2.00126
178.505, 2.00223
178.568, 1.99886
178.631, 1.9997
178.694, 2.0012
178.757, 1.99923
178.819, 2.00104
178.882, 2.00138
178.945, 2.00168
179.008, 2.00036
179.071, 1.9998
179.134, 2.00088
179.196, 2.00146
179.259, 2.00094
179.322, 1.99887
179.385, 2.00228
179.448, 2.00086
179.511, 1.99962
179.573, 1.99842
179.636, 1.99912
179.699, 1.99763
179.762, 2.00072
179.825, 2.00043
179.888, 2.00129
179.95, 2.0002
180.013, 1.99986
180.076, 1.99856
180.139, 2.00015
180.202, 1.99984
180.265, 2.00137
180.327, 2.0006
180.39, 2.00078
180.453, 2.00144
180.516, 1.99922
180.579, 2.00191
180.642, 2.00137
180.704, 2.00014
180.767, 2.00176
180.83, 2.00013
180.893, 1.99994
180.956, 1.99771
181.019, 2.00077
181.081, 2.00007
181.144, 1.99945
181.207, 1.99995
181.27, 2.00037
181.333, 2.00036
181.396, 2.00081
181.458, 1.99924
181.521, 2.00151
181.584, 2.0018
181.647, 2.00077
181.71, 1.99933
181.773, 2.00169
181.835, 1.99856
181.898, 1.99942
181.961, 2.00297
182.024, 1.99948
182.087, 2.00014
182.15, 2.00142
182.212, 1.99984
182.275, 1.99711
182.338, 1.99696
182.401, 2.00058
182.464, 1.9994
182.527, 1.99855
182.589, 1.99884
182.652, 2.00039
182.715, 1.99778
182.778, 1.99737
182.841, 1.99825
182.904, 1.99977
182.966, 2.00074
183.029, 1.99899
183.092, 2.00012
183.155, 1.99951
183.218, 2.00112
183.281, 1.99792
183.343, 1.99875
183.406, 2.00239
183.469, 2.00019
183.532, 2.00047
183.595, 1.9997
183.658, 2.00091
183.72, 2.00024
183.783, 1.99991
183.846, 1.99688
183.909, 2.00026
183.972, 2.00122
184.034, 2.00104
184.097, 1.99993
184.16, 2.00038
184.223, 1.99831
184.286, 1.999
184.349, 2.0014
184.411, 2.00181
184.474, 2.00015
184.537, 1.99995
184.6, 2.00018
184.663, 2.00171
184.726, 2.00072
184.788, 2.00252
184.851, 2.00113
184.914, 2.00024
184.977, 2.00173
185.04, 2.00161
185.103, 2.00288
185.165, 2.00283
185.228, 2.00002
185.291, 1.99842
185.354, 1.99869
185.417, 2.00308
185.48, 2.00176
185.542, 2.00129
185.605, 2.0007
185.668, 1.99872
185.731, 2.00201
185.794, 2.00009
185.857, 2.00057
185.919, 2.00479
185.982, 2.00289
186.045, 2.00338
186.108, 2.00244
186.171, 2.00324
186.234, 2.00211
186.296, 2.0007
186.359, 2.00165
186.422, 2.00008
186.485, 2.00288
186.548, 2.00383
186.611, 2.00043
186.673, 2.00083
186.736, 2.00063
186.799, 2.00238
186.862, 2.00398
186.925, 2.00097
186.988, 2.00256
187.05, 2.00286
187.113, 2.00036
187.176, 2.00237
187.239, 2.0023
187.302, 2.00009
187.365, 2.00101
187.427, 2.00278
187.49, 2.00182
187.553, 2.00388
187.616, 2.00291
187.679, 2.00098
187.742, 2.00051
187.804, 2.00141
187.867, 2.00141
187.93, 1.9995
187.993, 2.0001
188.056, 1.9998
188.119, 1.9998
188.181, 1.99949
188.244, 2.00061
188.307, 1.99987
188.37, 1.99781
188.433, 2.00103
188.496, 1.99907
188.558, 2.00173
188.621, 2.00121
188.684, 2.00379
188.747, 2.00175
188.81, 2.00272
188.873, 1.99976
188.935, 2.00384
188.998, 2.00266
189.061, 2.0009
189.124, 2.00125
189.187, 2.00163
189.25, 2.00579
189.312, 2.00374
189.375, 2.00317
189.438, 2.0041
189.501, 2.00068
189.564, 1.99967
189.627, 2.00029
189.689, 2.0007
189.752, 1.99968
189.815, 2.00217
189.878, 2.00232
189.941, 2.00426
190.004, 2.00076
190.066, 2.00123
190.129, 2.002
190.192, 2.00149
190.255, 2.00095
190.318, 1.9987
190.381, 2.00029
190.443, 2.00252
190.506, 2.00041
190.569, 2.00108
190.632, 2.00037
190.695, 2.00014
190.758, 2.00112
190.82, 2.00183
190.883, 2.00272
190.946, 1.99998
191.009, 2.00161
191.072, 2.00059
191.134, 1.99965
191.197, 2.0013
191.26, 2.00161
191.323, 2.00305
191.386, 1.99984
191.449, 2.00086
191.511, 2.00012
191.574, 2.00242
191.637, 2.00328
191.7, 2.00285
191.763, 2.00261
191.826, 2.00365
191.888, 2.00187
191.951, 2.00269
192.014, 2.0011
192.077, 2.00063
192.14, 2.00282
192.203, 2.00351
192.265, 2.0022
192.328, 2.00346
192.391, 2.0038
192.454, 2.00245
192.517, 2.00334
192.58, 2.00261
192.642, 2.00398
192.705, 2.00352
192.768, 2.00327
192.831, 2.00497
192.894, 2.00342
192.957, 2.00191
193.019, 2.00226
193.082, 2.00164
193.145, 2.00352
193.208, 2.00379
193.271, 2.00047
193.334, 2.00097
193.396, 2.00268
193.459, 2.0033
193.522, 2.00365
193.585, 2.00393
193.648, 2.00071
193.711, 2.00298
193.773, 2.00231
193.836, 1.99918
193.899, 1.99953
193.962, 2.0022
194.025, 2.00122
194.088, 2.0026
194.15, 2.00185
194.213, 1.99887
194.276, 1.99905
194.339, 2.00127
194.402, 2.00047
194.465, 2.00016
194.527, 2.00096
194.59, 2.00019
194.653, 1.99935
194.716, 2.00087
194.779, 2.00086
194.842, 2.00049
194.904, 2.00163
194.967, 2.00131
195.03, 2.00323
195.093, 2.00043
195.156, 2.00188
195.219, 2.00062
195.281, 1.99938
195.344, 1.99988
195.407, 1.99974
195.47, 2.00004
195.533, 2.00016
195.596, 1.99953
195.658, 2.00147
195.721, 2.00234
195.784, 2.00278
195.847, 2.00071
195.91, 2.00138
195.973, 2.00046
196.035, 1.99979
196.098, 2.00081
196.161, 1.99915
196.224, 2.00232
196.287, 2.00367
196.35, 2.00324
196.412, 2.00181
196.475, 1.99946
196.538, 2.0001
196.601, 1.99944
196.664, 2.00026
196.727, 2.00106
196.789, 1.99974
196.852, 2.00004
196.915, 1.9989
196.978, 2.00008
197.041, 1.99929
197.104, 1.99934
197.166, 2.00333
197.229, 1.99932
197.292, 1.99782
197.355, 1.99967
197.418, 2.00054
197.481, 1.99824
197.543, 1.99688
197.606, 1.9991
197.669, 2.00006
197.732, 1.99904
197.795, 1.99743
197.858, 1.99846
197.92, 2.00018
197.983, 1.99885
198.046, 2.00027
198.109, 1.99802
198.172, 2.00006
198.234, 1.99841
198.297, 1.99694
198.36, 1.99942
198.423, 1.99933
198.486, 1.99752
198.549, 1.99787
198.611, 1.99959
198.674, 1.9999
198.737, 1.99672
198.8, 1.99911
198.863, 1.99944
198.926, 1.99852
198.988, 1.99906
199.051, 1.99982
199.114, 1.9991
199.177, 1.99965
199.24, 1.99681
199.303, 1.99907
199.365, 2.00132
199.428, 2.00162
199.491, 1.99799
199.554, 1.99993
199.617, 2.00058
199.68, 2.00008
199.742, 1.9991
199.805, 1.99948
199.868, 1.99886
199.931, 1.99767
199.994, 1.99851
200.057, 1.99824
200.119, 1.99938
200.182, 2.00218
200.245, 2.00066
200.308, 1.99783
200.371, 1.99753
200.434, 1.99872
200.496, 1.99645
200.559, 1.99955
200.622, 2.00111
200.685, 1.99899
200.748, 2.00149
200.811, 2.00191
200.873, 2.00086
200.936, 2.00014
200.999, 2.00012
201.062, 1.99731
201.125, 1.99823
201.188, 1.99812
201.25, 1.99715
201.313, 1.99992
201.376, 2.00037
201.439, 1.99883
201.502, 1.99769
201.565, 1.99555
201.627, 1.99873
201.69, 1.9989
201.753, 2.00025
201.816, 1.9992
201.879, 1.9999
201.942, 1.9996
202.004, 2.00256
202.067, 1.99928
202.13, 2.00144
202.193, 1.99942
202.256, 1.99877
202.319, 1.99962
202.381, 2.00103
202.444, 2.00044
202.507, 1.999
202.57, 2.00106
202.633, 2.00227
202.696, 1.99999
202.758, 1.99939
202.821, 2.00092
202.884, 1.99916
202.947, 1.99841
203.01, 1.99795
203.073, 1.99683
203.135, 1.99816
203.198, 1.99819
203.261, 1.99866
203.324, 2.0009
203.387, 1.99841
203.45, 1.99721
203.512, 1.99893
203.575, 1.99967
203.638, 2.00014
203.701, 1.99848
203.764, 1.99655
203.827, 1.99805
203.889, 1.99739
203.952, 1.9965
204.015, 1.99624
204.078, 2.00016
204.141, 2.00103
204.204, 1.99927
204.266, 2.00116
204.329, 2.00058
204.392, 2.00014
204.455, 1.9995
204.518, 1.99945
204.581, 1.99781
204.643, 1.9974
204.706, 1.99582
204.769, 1.9977
204.832, 1.99651
204.895, 1.99943
204.958, 2.00125
205.02, 1.99904
205.083, 2.00036
205.146, 1.999
205.209, 1.99635
205.272, 1.99714
205.334, 1.99945
205.397, 2.00003
205.46, 2.00141
205.523, 2.0004
205.586, 1.99913
205.649, 1.99744
205.711, 2.00002
205.774, 1.99931
205.837, 1.99858
205.9, 1.99759
205.963, 1.99722
206.026, 1.99912
206.088, 1.99547
206.151, 1.9978
206.214, 1.9987
206.277, 1.99716
206.34, 1.99705
206.403, 1.99956
206.465, 1.99953
206.528, 1.99997
206.591, 1.99886
206.654, 1.9996
206.717, 1.9977
206.78, 1.99807
206.842, 1.99726
206.905, 1.99737
206.968, 1.99616
207.031, 1.9934
207.094, 1.99663
207.157, 1.99702
207.219, 1.99704
207.282, 1.99744
207.345, 1.99757
207.408, 1.99844
207.471, 1.99689
207.534, 1.9994
207.596, 1.9953
207.659, 1.99601
207.722, 1.99785
207.785, 2.00073
207.848, 1.99865
207.911, 1.99853
207.973, 1.99885
208.036, 1.99883
208.099, 1.99917
208.162, 1.99852
208.225, 2.00041
208.288, 1.99985
208.35, 2.0008
208.413, 2.00187
208.476, 1.99964
208.539, 1.99955
208.602, 1.99823
208.665, 1.99787
208.727, 2.0002
208.79, 1.99862
208.853, 1.99846
208.916, 2.00074
208.979, 1.99957
209.042, 1.99865
209.104, 1.99984
209.167, 1.99648
209.23, 1.99915
209.293, 1.9996
209.356, 2.00038
209.419, 2.00029
209.481, 2.00235
209.544, 2.00281
209.607, 1.9994
209.67, 2.00204
209.733, 1.99876
209.796, 2.00102
209.858, 1.99892
209.921, 1.99785
209.984, 1.99857
210.047, 1.99875
210.11, 2.00142
210.173, 2.00051
210.235, 2.00203
210.298, 2.00005
210.361, 2.00183
210.424, 1.99934
210.487, 2.00092
210.55, 1.99859
210.612, 2.00037
210.675, 1.99881
210.738, 2.00044
210.801, 1.99982
210.864, 1.99927
210.927, 1.99839
210.989, 1.99737
211.052, 1.99736
211.115, 1.9982
211.178, 1.99921
211.241, 1.99858
211.304, 1.99893
211.366, 1.99814
211.429, 1.9978
211.492, 1.99902
211.555, 1.99679
211.618, 1.99747
211.681, 1.99881
211.743, 2.00028
211.806, 1.9993
211.869, 1.99936
211.932, 2.00106
211.995, 1.99919
212.058, 1.99902
212.12, 2.00182
212.183, 2.00072
212.246, 2.00043
212.309, 1.99834
212.372, 1.99779
212.434, 1.99909
212.497, 2.00009
212.56, 1.99963
212.623, 2.00071
212.686, 2.00257
212.749, 1.99837
212.811, 1.99902
212.874, 1.99948
212.937, 2.00077
213, 1.99873
213.063, 1.99933
213.126, 2.00127
213.188, 2.00041
213.251, 1.999
213.314, 1.99797
213.377, 2.00008
213.44, 2.00139
213.503, 1.99884
213.565, 2.00006
213.628, 2.00202
213.691, 2.00074
213.754, 2.00046
213.817, 1.99851
213.88, 2.0002
213.942, 1.99843
214.005, 2.00125
214.068, 1.99938
214.131, 2.00137
214.194, 2.00004
214.257, 2.00101
214.319, 2.00065
214.382, 2.00315
214.445, 2.00149
214.508, 2.00094
214.571, 1.99947
214.634, 2.00331
214.696, 1.99996
214.759, 1.9987
214.822, 1.99829
214.885, 1.99955
214.948, 1.99865
215.011, 2.00001
215.073, 2.00082
215.136, 1.9987
215.199, 2.00071
215.262, 2.00166
215.325, 2.00123
215.388, 1.99897
215.45, 1.99846
215.513, 1.99826
215.576, 1.99833
215.639, 2.00031
215.702, 1.998
215.765, 1.99897
215.827, 1.99741
215.89, 1.99917
215.953, 1.99811
216.016, 1.99776
216.079, 1.99843
216.142, 1.99876
216.204, 1.99759
216.267, 1.99797
216.33, 1.99896
216.393, 1.99881
216.456, 1.99576
216.519, 1.99872
216.581, 1.99959
216.644, 1.99909
216.707, 2.00066
216.77, 1.99726
216.833, 1.99868
216.896, 1.99702
216.958, 1.9992
217.021, 2.00176
217.084, 2.00013
217.147, 1.99694
217.21, 2.00017
217.273, 1.99916
217.335, 1.99863
217.398, 1.99869
217.461, 1.99542
217.524, 1.99709
217.587, 1.99701
217.65, 1.99653
217.712, 1.9966
217.775, 2.0001
217.838, 1.99812
217.901, 1.99981
217.964, 1.99801
218.027, 1.99914
218.089, 1.99808
218.152, 1.9964
218.215, 2.00005
218.278, 1.99976
218.341, 2.0021
218.404, 2.00081
218.466, 1.99866
218.529, 1.99983
218.592, 1.99848
218.655, 1.99913
218.718, 1.99793
218.781, 1.99876
218.843, 1.99923
218.906, 1.99911
218.969, 1.99553
219.032, 1.99624
219.095, 1.99812
219.158, 1.99846
219.22, 1.99869
219.283, 1.99787
219.346, 1.99786
219.409, 1.99726
219.472, 1.99668
219.534, 1.99782
219.597, 1.99956
219.66, 1.99854
219.723, 1.99895
219.786, 1.99807
219.849, 1.9993
219.911, 1.9987
219.974, 1.99606
220.037, 1.99541
220.1, 1.99577
220.163, 1.99898
220.226, 1.99714
220.288, 1.99787
220.351, 1.9984
220.414, 1.99946
220.477, 1.99835
220.54, 1.99997
220.603, 2.00007
220.665, 1.99826
220.728, 1.99954
220.791, 1.99928
220.854, 2.00031
220.917, 2.00111
220.98, 1.99972
221.042, 1.99874
221.105, 2.00007
221.168, 2.00215
221.231, 2.00179
221.294, 1.99988
221.357, 2.0023
221.419, 2.00353
221.482, 2.00009
221.545, 2.00168
221.608, 1.99945
221.671, 2.00127
221.734, 1.99858
221.796, 2.00133
221.859, 2.00007
221.922, 2.00095
221.985, 2.00033
222.048, 2.00124
222.111, 1.99961
222.173, 1.99973
222.236, 1.99969
222.299, 2.00301
222.362, 2.0001
222.425, 1.9996
222.488, 1.99937
222.55, 2.0002
222.613, 2.00033
222.676, 2.00026
222.739, 1.9996
222.802, 2.00144
222.865, 2.00068
222.927, 2.00234
222.99, 2.00186
223.053, 1.9996
223.116, 2.00039
223.179, 2.00078
223.242, 1.99987
223.304, 2.00046
223.367, 2.00013
223.43, 2.00084
223.493, 1.99925
223.556, 1.99974
223.619, 2.00007
223.681, 2.00108
223.744, 1.99928
223.807, 2.00122
223.87, 2.00092
223.933, 1.99917
223.996, 1.99914
224.058, 1.99992
224.121, 1.99976
224.184, 1.99966
224.247, 1.99895
224.31, 1.99684
224.373, 1.99884
224.435, 2.0012
224.498, 2.00203
224.561, 1.99822
224.624, 1.99743
224.687, 1.9987
224.75, 2.00189
224.812, 1.99903
224.875, 2.00188
224.938, 2.00141
225.001, 1.9994
225.064, 2.00015
225.127, 2.00238
225.189, 2.00018
225.252, 1.99958
225.315, 1.99871
225.378, 1.99938
225.441, 1.9975
225.504, 1.99805
225.566, 1.99957
225.629, 2.0017
225.692, 1.99995
225.755, 1.99977
225.818, 1.99952
225.881, 1.99939
225.943, 2.00026
226.006, 2.00033
226.069, 2.00017
226.132, 2.0007
226.195, 2.00164
226.258, 2.00113
226.32, 2.00244
226.383, 2.00098
226.446, 2.00072
226.509, 1.99852
226.572, 1.99966
226.634, 2.00013
226.697, 2.00147
226.76, 2.00229
226.823, 2.00193
226.886, 2.00024
226.949, 1.99853
227.011, 1.9993
227.074, 2.00133
227.137, 2.0026
227.2, 1.99849
227.263, 1.99973
227.326, 1.99921
227.388, 2.00131
227.451, 2.0018
227.514, 2.00374
227.577, 1.99917
227.64, 2.00292
227.703, 2.00155
227.765, 2.00352
227.828, 2.00372
227.891, 2.00149
227.954, 2.00058
228.017, 2.00005
228.08, 2.00128
228.142, 2.00164
228.205, 2.00171
228.268, 1.99945
228.331, 1.99999
228.394, 2.00125
228.457, 2.00025
228.519, 2.00126
228.582, 2.00345
228.645, 2.00117
228.708, 2.00026
228.771, 2.00038
228.834, 1.99783
228.896, 1.99909
228.959, 1.99969
229.022, 1.99891
229.085, 1.99798
229.148, 1.99909
229.211, 1.99846
229.273, 1.99955
229.336, 2.00005
229.399, 1.99855
229.462, 2.0012
229.525, 2.00103
229.588, 1.99925
229.65, 1.99913
229.713, 2.00171
229.776, 2.00062
229.839, 1.99918
229.902, 1.99765
229.965, 2.00022
230.027, 2.00061
230.09, 1.9999
230.153, 1.99839
230.216, 2.00175
230.279, 2.00264
230.342, 2.00052
230.404, 1.99993
230.467, 2.00173
230.53, 1.99997
230.593, 2.00195
230.656, 1.99804
230.719, 1.99972
230.781, 1.99895
230.844, 1.99813
230.907, 2.00177
230.97, 2.0039
231.033, 1.99838
231.096, 2.00065
231.158, 2.00082
231.221, 2.00181
231.284, 2.00153
231.347, 1.99992
231.41, 2.00255
231.473, 2.00066
231.535, 2.00146
231.598, 2.00043
231.661, 2.00097
231.724, 2.00182
231.787, 1.99813
231.85, 2.00232
231.912, 1.99738
231.975, 1.99971
232.038, 1.99954
232.101, 2.00079
232.164, 2.00199
232.227, 2.0011
232.289, 2.00022
232.352, 1.9998
232.415, 1.99879
232.478, 2.00205
232.541, 2.00255
232.604, 2.0034
232.666, 2.00304
232.729, 2.0011
232.792, 2.00182
232.855, 1.99975
232.918, 2.00282
232.981, 2.00243
233.043, 1.99878
233.106, 2.00104
233.169, 2.00221
233.232, 2.00565
233.295, 2.00426
233.358, 1.99884
233.42, 1.99803
233.483, 1.99933
233.546, 2.00229
233.609, 2.00244
233.672, 2.00223
233.734, 2.00156
233.797, 2.00228
233.86, 1.99974
233.923, 1.99694
233.986, 2.00073
234.049, 2.00022
234.111, 1.99976
234.174, 1.99893
234.237, 2.00097
234.3, 2.00083
234.363, 2.0014
234.426, 2.00548
234.488, 2.003
234.551, 2.00206
234.614, 2.00302
234.677, 1.99963
234.74, 2.00062
234.803, 2.00163
234.865, 2.0003
234.928, 2.00061
234.991, 2.00145
235.054, 2.00028
235.117, 2.00222
235.18, 2.00114
235.242, 2.00009
235.305, 2.00014
235.368, 2.0013
235.431, 2.00026
235.494, 2.0032
235.557, 2.00109
235.619, 1.99935
235.682, 2
235.745, 2.00372
235.808, 2.00223
235.871, 2.00238
235.934, 2.00263
235.996, 2.00084
236.059, 2.00144
236.122, 2.00258
236.185, 2.00251
236.248, 2.00192
236.311, 2.00224
236.373, 2.00431
236.436, 2.00327
236.499, 2.00215
236.562, 2.00064
236.625, 2.00285
236.688, 2.00242
236.75, 2.00277
236.813, 2.00306
236.876, 2.00566
236.939, 2.00273
237.002, 2.00321
237.065, 2.00251
237.127, 2.00103
237.19, 2.00293
237.253, 2.0024
237.316, 2.00451
237.379, 2.00358
237.442, 2.00325
237.504, 2.00389
237.567, 2.00158
237.63, 2.00179
237.693, 2.00221
237.756, 2.00602
237.819, 2.00335
237.881, 2.00273
237.944, 2.00316
238.007, 2.00399
238.07, 1.99955
238.133, 2.00218
238.196, 2.00227
238.258, 2.00302
238.321, 2.00142
238.384, 2.00268
238.447, 2.00226
238.51, 2.00319
238.573, 2.00288
238.635, 2.00147
238.698, 2.00408
238.761, 2.00438
238.824, 2.00408
238.887, 2.00496
238.95, 2.00293
239.012, 2.00249
239.075, 2.00434
239.138, 2.00412
239.201, 2.00246
239.264, 2.0016
239.327, 2.0024
239.389, 2.00115
239.452, 2.00151
239.515, 2.00126
239.578, 2.00169
239.641, 2.00127
239.704, 1.99985
239.766, 2.00072
239.829, 1.99973
239.892, 2.00211
239.955, 2.00288
240.018, 2.00236
240.081, 2.00235
240.143, 2.00133
240.206, 2.00129
240.269, 1.99974
240.332, 2.00004
240.395, 2.00186
240.458, 2.00249
240.52, 2.00047
240.583, 2.00312
240.646, 2.00274
240.709, 2.00359
240.772, 2.00356
240.834, 1.99938
240.897, 1.99945
240.96, 2.00086
241.023, 2.00275
241.086, 2.00154
241.149, 2.00114
241.211, 2.00028
241.274, 2.0009
241.337, 2.00396
241.4, 2.00334
241.463, 1.99905
241.526, 1.99834
241.588, 2.00217
241.651, 2.00104
241.714, 2.00037
241.777, 1.99859
241.84, 1.9969
241.903, 2.00014
241.965, 1.99853
242.028, 1.9991
242.091, 1.99926
242.154, 2.0032
242.217, 2.00021
242.28, 1.99992
242.342, 1.99692
242.405, 1.99894
242.468, 2.00172
242.531, 2.00065
242.594, 2.00002
242.657, 2.00088
242.719, 1.99788
242.782, 1.99772
242.845, 2.00066
242.908, 1.99857
242.971, 1.99825
243.034, 1.99868
243.096, 1.99919
243.159, 1.99748
243.222, 1.99933
243.285, 1.99839
243.348, 1.99625
243.411, 2.00039
243.473, 1.99939
243.536, 2.00071
243.599, 2.00089
243.662, 2.00305
243.725, 1.9981
243.788, 1.99871
243.85, 1.99833
243.913, 1.99929
243.976, 2.00023
244.039, 2.00191
244.102, 2.00151
244.165, 2.00084
244.227, 2.00136
244.29, 2.00241
244.353, 2.00078
244.416, 2.00027
244.479, 1.99895
244.542, 2.00027
244.604, 1.99816
244.667, 2.00053
244.73, 1.99928
244.793, 2.00257
244.856, 2.00132
244.919, 1.99922
244.981, 2.00136
245.044, 2.00205
245.107, 1.99944
245.17, 1.99998
245.233, 1.99961
245.296, 1.99966
245.358, 1.99826
245.421, 2.0002
245.484, 1.99982
245.547, 2.00191
245.61, 2.00226
245.673, 2.00036
245.735, 2.0004
245.798, 2.0004
245.861, 2.00186
245.924, 1.99987
245.987, 2.00083
246.05, 1.99908
246.112, 2.00007
246.175, 1.99865
246.238, 1.99972
246.301, 1.99821
246.364, 1.99842
246.427, 2.00055
246.489, 1.99847
246.552, 2.00092
246.615, 1.99908
246.678, 1.99646
246.741, 1.99795
246.804, 1.99978
246.866, 2.00144
246.929, 2.00286
246.992, 1.99949
247.055, 2.00199
247.118, 2.00038
247.181, 2.00097
247.243, 1.99849
247.306, 1.99988
247.369, 2.0006
247.432, 2.00023
247.495, 2.00082
247.558, 1.99971
247.62, 2.00029
247.683, 1.99879
247.746, 1.99785
247.809, 2.00128
247.872, 2.00066
247.934, 1.99915
247.997, 2.00049
248.06, 1.99986
248.123, 1.99873
248.186, 2.00006
248.249, 1.99791
248.311, 2.00136
248.374, 1.99896
248.437, 2.00199
248.5, 2.0006
248.563, 2.00182
248.626, 2.0006
248.688, 2.00064
248.751, 2.00073
248.814, 2.0009
248.877, 1.99878
248.94, 1.99898
249.003, 1.99925
249.065, 2.00033
249.128, 2.0042
249.191, 2.00199
249.254, 2
249.317, 2.0035
249.38, 2.00151
249.442, 2.00191
249.505, 2.00008
249.568, 1.99822
249.631, 1.9999
249.694, 2.00107
249.757, 2.00072
249.819, 2.0013
249.882, 2.00056
249.945, 2.00113
250.008, 2.00062
250.071, 1.99988
250.134, 2.0013
250.196, 1.99967
250.259, 1.99882
250.322, 1.99917
250.385, 1.99749
250.448, 1.99868
250.511, 2.00026
250.573, 1.99727
250.636, 1.99941
250.699, 1.99899
250.762, 1.99955
250.825, 2.00184
250.888, 2.00038
250.95, 2.00044
251.013, 1.99858
251.076, 1.99918
251.139, 2.00312
251.202, 1.99618
251.265, 2.0006
251.327, 2.00089
251.39, 1.99921
251.453, 2.0005
251.516, 1.99868
251.579, 1.99821
251.642, 1.99997
251.704, 1.99937
251.767, 1.99702
251.83, 2.00202
251.893, 1.99881
251.956, 2.00001
252.019, 2.0007
252.081, 1.99982
252.144, 2.00043
252.207, 1.99967
252.27, 1.99755
252.333, 1.99945
252.396, 1.99922
252.458, 1.99779
252.521, 1.99851
252.584, 1.99714
252.647, 1.99704
252.71, 1.99656
252.773, 1.99979
252.835, 1.99793
252.898, 1.9992
252.961, 1.99917
253.024, 1.99722
253.087, 2.00063
253.15, 1.99805
253.212, 1.99821
253.275, 1.9981
253.338, 1.99866
253.401, 1.99946
253.464, 1.99931
253.527, 2.00134
253.589, 2.00093
253.652, 1.99831
253.715, 1.99871
253.778, 1.99832
253.841, 1.99902
253.904, 2.00188
253.966, 2.00148
254.029, 2.00192
254.092, 1.99842
254.155, 1.99889
254.218, 2.00168
254.281, 1.99945
254.343, 2.00066
254.406, 1.99947
254.469, 2.00131
254.532, 2.00034
254.595, 2.00199
254.658, 1.99995
254.72, 1.99971
254.783, 1.99921
254.846, 2.00113
254.909, 1.99829
254.972, 1.99758
255.034, 1.99885
255.097, 2.00129
255.16, 2.00007
255.223, 1.99849
255.286, 1.99934
255.349, 1.99846
255.411, 1.99908
255.474, 1.99899
255.537, 2.00008
255.6, 1.99859
255.663, 1.99916
255.726, 1.99886
255.788, 1.99824
255.851, 2.00033
255.914, 1.99957
255.977, 1.99918
256.04, 2.00076
256.103, 2.00044
256.165, 1.99874
256.228, 2.00051
256.291, 2.00062
256.354, 1.99987
256.417, 2.00191
256.48, 2.00043
256.542, 1.99954
256.605, 1.99966
256.668, 1.99903
256.731, 1.99881
256.794, 1.99659
256.857, 1.99851
256.919, 1.99789
256.982, 1.99761
257.045, 1.99776
257.108, 2.00032
257.171, 2.00014
257.234, 1.99985
257.296, 1.99937
257.359, 1.9979
257.422, 1.99852
257.485, 1.99877
257.548, 1.99831
257.611, 2.00202
257.673, 1.99979
257.736, 2.00227
257.799, 2.00081
257.862, 2.00058
257.925, 1.99926
257.988, 1.99836
258.05, 2.00232
258.113, 1.99979
258.176, 2.00223
258.239, 1.9988
258.302, 1.99971
258.365, 2.00202
258.427, 2
258.49, 2.00205
258.553, 2.00369
258.616, 2.00022
258.679, 2.00207
258.742, 2.00116
258.804, 2.00064
258.867, 1.9993
258.93, 2.00197
258.993, 1.99809
259.056, 1.99878
259.119, 2.00223
259.181, 1.99997
259.244, 1.99855
259.307, 2.00045
259.37, 1.9994
259.433, 2.00016
259.496, 1.99998
259.558, 2.0004
259.621, 1.99808
259.684, 1.99796
259.747, 1.99848
259.81, 1.99747
259.873, 1.99764
259.935, 1.99832
259.998, 1.99854
260.061, 2.00004
260.124, 1.99946
260.187, 1.9998
260.25, 1.99797
260.312, 1.99949
260.375, 1.99715
260.438, 1.99967
260.501, 1.99805
260.564, 1.99775
260.627, 1.99743
260.689, 1.99878
260.752, 1.99767
260.815, 2.0012
260.878, 1.99811
260.941, 1.99829
261.004, 1.9993
261.066, 1.99752
261.129, 2.00011
261.192, 2.00129
261.255, 1.9996
261.318, 1.99908
261.381, 2.00035
261.443, 2.00241
261.506, 2.00293
261.569, 2.00105
261.632, 2.00252
261.695, 2.00086
261.757, 2.00102
261.82, 2.00191
261.883, 2.00005
261.946, 1.9994
262.009, 1.99978
262.072, 2.00295
262.134, 2.00039
262.197, 2.00242
262.26, 2.00328
262.323, 2.00118
262.386, 2.00019
262.449, 1.99922
262.511, 1.99995
262.574, 2.00062
262.637, 2.00213
262.7, 2.00218
262.763, 2.00318
262.826, 2.00251
262.888, 2.00283
262.951, 2.00082
263.014, 1.99908
263.077, 1.99902
263.14, 2.0003
263.203, 2.00026
263.265, 2.00282
263.328, 2.00114
263.391, 2.00028
263.454, 2.0013
263.517, 2.00055
263.58, 2.00076
263.642, 2.00027
263.705, 1.9996
263.768, 2.00149
263.831, 2.00082
263.894, 2.00125
263.957, 2.00025
264.019, 1.99891
264.082, 1.99851
264.145, 2.00126
264.208, 1.99976
264.271, 2.00379
264.334, 2.00024
264.396, 2.00306
264.459, 2.0019
264.522, 2.00004
264.585, 2.00043
264.648, 2.00186
264.711, 2.00075
264.773, 2.00035
264.836, 2.00084
264.899, 1.99866
264.962, 2.00284
265.025, 2.00123
265.088, 2.00185
265.15, 1.99914
265.213, 2.00049
265.276, 1.99918
265.339, 2.00063
265.402, 2.0019
265.465, 2.00192
265.527, 1.99927
265.59, 2.00357
265.653, 2.00121
265.716, 2.00084
265.779, 1.999
265.842, 1.99939
265.904, 2.00197
265.967, 2.00251
266.03, 2.00006
266.093, 2.00104
266.156, 1.99997
266.219, 2.00173
266.281, 2.00161
266.344, 2.00133
266.407, 2.00105
266.47, 2.0008
266.533, 1.99705
266.596, 1.99932
266.658, 1.99875
266.721, 2.00184
266.784, 2.00126
266.847, 2.00355
266.91, 2.00251
266.973, 2.00342
267.035, 2.00353
267.098, 2.00228
267.161, 1.99941
267.224, 2.00069
267.287, 2.00039
267.35, 2.00082
267.412, 2.00045
267.475, 2.00122
267.538, 2.00198
267.601, 2.00071
267.664, 1.99964
267.727, 2.00017
267.789, 2.00137
267.852, 2.00033
267.915, 2.00043
267.978, 2.003
268.041, 2.00279
268.104, 2.00188
268.166, 2.00281
268.229, 2.0007
268.292, 2.00164
268.355, 2.00085
268.418, 2.00014
268.481, 1.99922
268.543, 2.00415
268.606, 2.0047
268.669, 2.00057
268.732, 1.99905
268.795, 2.00074
268.857, 1.9993
268.92, 1.99933
268.983, 2.00247
269.046, 2.00302
269.109, 2.00184
269.172, 2.00117
269.234, 2.00223
269.297, 2.00178
269.36, 2.00107
269.423, 2.00003
269.486, 2.00131
269.549, 2.00128
269.611, 2.00128
269.674, 1.99953
269.737, 1.99984
269.8, 1.99955
269.863, 2.001
269.926, 2.00055
269.988, 2.00094
270.051, 2.00058
270.114, 1.99959
270.177, 2.00169
270.24, 2.00126
270.303, 2.0002
270.365, 2.00073
270.428, 2.00178
270.491, 2.00181
270.554, 2.00261
270.617, 2.00012
270.68, 2.00065
270.742, 2.00305
270.805, 1.99972
270.868, 2.0011
270.931, 2.001
270.994, 2.00275
271.057, 2.00063
271.119, 2.00132
271.182, 1.99992
271.245, 2.00062
271.308, 2.00016
271.371, 2.00058
271.434, 2.00278
271.496, 1.99966
271.559, 2.00158
271.622, 1.99877
271.685, 1.99742
271.748, 2.00351
271.811, 1.99963
271.873, 1.99994
271.936, 1.99924
271.999, 1.99901
272.062, 1.99928
272.125, 2.0018
272.188, 1.99838
272.25, 2.00012
272.313, 2.00024
272.376, 2.00013
272.439, 1.99705
272.502, 2.00114
272.565, 1.99848
272.627, 1.9993
272.69, 1.99714
272.753, 1.99996
272.816, 1.9987
272.879, 1.99736
272.942, 1.99742
273.004, 1.99942
273.067, 1.99861
273.13, 2.00018
273.193, 1.99747
273.256, 2.00039
273.319, 1.99755
273.381, 1.99884
273.444, 2.00022
273.507, 2.00125
273.57, 1.99993
273.633, 1.99946
273.696, 1.99917
273.758, 1.99774
273.821, 1.99912
273.884, 1.99843
273.947, 2.00086
274.01, 2.00251
274.073, 1.99925
274.135, 1.99812
274.198, 1.99905
274.261, 2.00092
274.324, 2.00047
274.387, 1.99915
274.45, 1.99809
274.512, 1.99855
274.575, 2.00039
274.638, 1.99819
274.701, 1.99945
274.764, 1.99911
274.827, 2.00172
274.889, 2.00098
274.952, 1.99885
275.015, 2.00096
275.078, 1.9984
275.141, 1.99985
275.204, 2.00093
275.266, 2.00019
275.329, 2.00016
275.392, 2.00029
275.455, 1.99785
275.518, 1.99889
275.581, 1.99574
275.643, 2.00068
275.706, 1.99657
275.769, 1.99906
275.832, 1.9993
275.895, 1.99674
275.957, 1.99773
276.02, 1.99785
276.083, 1.99943
276.146, 1.99884
276.209, 1.9979
276.272, 1.99728
276.334, 1.99621
276.397, 1.99896
276.46, 1.99818
276.523, 1.99885
276.586, 1.99702
276.649, 1.99737
276.711, 1.99861
276.774, 1.99723
276.837, 1.99685
276.9, 2.00014
276.963, 1.99729
277.026, 1.99948
277.088, 1.99968
277.151, 1.99803
277.214, 2.00037
277.277, 1.99865
277.34, 1.99961
277.403, 1.99826
277.465, 1.99895
277.528, 2.00179
277.591, 1.9983
277.654, 1.99773
277.717, 2.00057
277.78, 2
277.842, 1.99778
277.905, 1.99822
277.968, 1.99808
278.031, 1.99867
278.094, 2.00116
278.157, 2.00119
278.219, 2.0006
278.282, 1.99983
278.345, 1.99856
278.408, 1.99898
278.471, 1.99714
278.534, 1.99833
278.596, 1.99932
278.659, 1.99925
278.722, 2.00286
278.785, 1.9994
278.848, 2.00003
278.911, 2.00034
278.973, 1.99925
279.036, 2.00167
279.099, 1.99996
279.162, 2.00098
279.225, 2.00359
279.288, 2.00496
279.35, 2.00088
279.413, 2.00023
279.476, 1.99935
279.539, 1.99877
279.602, 1.99867
279.665, 1.99817
279.727, 2.00134
279.79, 1.99961
279.853, 1.99947
279.916, 1.99997
279.979, 1.99916
280.042, 2.00081
280.104, 2.00144
280.167, 2.00183
280.23, 2.0025
280.293, 2.00181
280.356, 2.00289
280.419, 2.00277
280.481, 2.00091
280.544, 2.00121
280.607, 2.00373
280.67, 2.00176
280.733, 2.00123
280.796, 2.00065
280.858, 1.99972
280.921, 2.00074
280.984, 2.00155
281.047, 2.00059
281.11, 2.0027
281.173, 1.99985
281.235, 2.00199
281.298, 1.99988
281.361, 2.0024
281.424, 2.00006
281.487, 2.00083
281.55, 2.00121
281.612, 2.00262
281.675, 2.00275
281.738, 2.00263
281.801, 2.00214
281.864, 2.0014
281.927, 2.00089
281.989, 2.00007
282.052, 1.99926
282.115, 1.99731
282.178, 1.99955
282.241, 1.99905
282.304, 2.00451
282.366, 2.00315
282.429, 2.00037
282.492, 2.00037
282.555, 2.00093
282.618, 2.00131
282.681, 2.00038
282.743, 1.99949
282.806, 1.9971
282.869, 2.00023
282.932, 1.99827
282.995, 1.9993
283.057, 1.9991
283.12, 1.99969
283.183, 1.99859
283.246, 1.99726
283.309, 1.99938
283.372, 1.99893
283.434, 1.99833
283.497, 1.99696
283.56, 1.99659
283.623, 1.99847
283.686, 1.9974
283.749, 2.00013
283.811, 2.00081
283.874, 2.00254
283.937, 2.00097
284, 1.9966
284.063, 1.99863
284.126, 1.99954
284.188, 2.00121
284.251, 1.99904
284.314, 2.00306
284.377, 2.0012
284.44, 1.9995
284.503, 2.00018
284.565, 1.99863
284.628, 2.00104
284.691, 1.99865
284.754, 2.00143
284.817, 1.99965
284.88, 1.9995
284.942, 2.00265
285.005, 2.00043
285.068, 1.9998
285.131, 2.00217
285.194, 2.00259
285.257, 2.00156
285.319, 1.99911
285.382, 1.99868
285.445, 1.99903
285.508, 2.00044
285.571, 1.99811
285.634, 2.00095
285.696, 2.0016
285.759, 2.00436
285.822, 1.99852
285.885, 1.99925
285.948, 1.99925
286.011, 1.99771
286.073, 2.00092
286.136, 1.99997
286.199, 2.00017
286.262, 1.99799
286.325, 1.99929
286.388, 2.00197
286.45, 2.0023
286.513, 2.002
286.576, 1.99922
286.639, 1.99903
286.702, 2.00013
286.765, 2.00072
286.827, 2.00108
286.89, 2.00127
286.953, 1.99945
287.016, 1.99987
287.079, 2.00087
287.142, 2.00158
287.204, 2.0045
287.267, 2.00119
287.33, 2.0004
287.393, 2.00211
287.456, 2.0028
287.519, 2.00195
287.581, 2.00223
287.644, 2.00211
287.707, 2.00187
287.77, 2.00071
287.833, 2.00151
287.896, 2.00232
287.958, 2.00202
288.021, 1.99906
288.084, 1.99984
288.147, 2.00205
288.21, 2.0015
288.273, 1.99997
288.335, 2.00113
288.398, 2.00103
288.461, 2.00075
288.524, 2.0008
288.587, 2.00018
288.65, 1.99996
288.712, 2.00295
288.775, 2.00244
288.838, 2.00148
288.901, 2.00011
288.964, 2.00132
289.027, 2.00313
289.089, 2.00166
289.152, 2.00243
289.215, 2.00181
289.278, 2.00315
289.341, 2.00276
289.404, 2.00004
289.466, 2.00047
289.529, 1.99988
289.592, 1.99871
289.655, 2.00059
289.718, 2.00014
289.781, 1.99793
289.843, 1.99978
289.906, 1.99907
289.969, 1.99799
290.032, 2.00132
290.095, 1.99975
290.157, 2.00004
290.22, 2.00097
290.283, 2.00102
290.346, 1.99967
290.409, 1.99796
290.472, 1.99975
290.534, 1.99864
290.597, 2.00039
290.66, 1.99796
290.723, 1.9991
290.786, 1.999
290.849, 2.00152
290.911, 1.99988
290.974, 2.00031
291.037, 1.99901
291.1, 1.99857
291.163, 1.99869
291.226, 1.99823
291.288, 1.99967
291.351, 2.00063
291.414, 1.99929
291.477, 2.0015
291.54, 1.99996
291.603, 2.00005
291.665, 2.00198
291.728, 1.99891
291.791, 1.99919
291.854, 1.99984
291.917, 2.00042
291.98, 1.99803
292.042, 1.99803
292.105, 1.99952
292.168, 1.99867
292.231, 1.99781
292.294, 1.99924
292.357, 1.99816
292.419, 1.99904
292.482, 2.00213
292.545, 1.99955
292.608, 1.99737
292.671, 1.99979
292.734, 2.00038
292.796, 2.00022
292.859, 1.99783
292.922, 1.99974
292.985, 2.00039
293.048, 1.99623
293.111, 1.99893
293.173, 1.997
293.236, 1.99904
293.299, 1.99811
293.362, 2.00019
293.425, 2.00039
293.488, 1.99657
293.55, 1.99763
293.613, 1.9978
293.676, 1.99741
293.739, 2.00041
293.802, 1.99872
293.865, 1.99938
293.927, 1.99885
293.99, 1.99774
294.053, 2.00076
294.116, 1.99663
294.179, 1.99765
294.242, 1.99895
294.304, 2.00055
294.367, 1.99955
294.43, 1.99915
294.493, 1.99911
294.556, 1.99863
294.619, 1.99655
294.681, 1.99837
294.744, 1.99936
294.807, 1.99896
294.87, 1.99985
294.933, 1.99972
294.996, 1.99755
295.058, 1.99747
295.121, 1.99811
295.184, 1.99846
295.247, 1.99826
295.31, 1.99805
295.373, 2.0005
295.435, 2.00103
295.498, 2.00023
295.561, 2.00002
295.624, 1.99951
295.687, 2.00079
295.75, 1.99997
295.812, 1.99945
295.875, 1.9991
295.938, 1.99997
296.001, 2.00003
296.064, 1.99916
296.127, 2.00154
296.189, 1.99935
296.252, 1.99947
296.315, 2.00079
296.378, 1.99896
296.441, 1.99878
296.504, 2.00092
296.566, 2.00112
296.629, 2.00228
296.692, 2.00188
296.755, 1.9998
296.818, 1.99817
296.881, 1.99962
296.943, 2.00037
297.006, 1.99923
297.069, 1.99621
297.132, 1.99927
297.195, 1.9986
297.257, 2.00188
297.32, 2.00028
297.383, 1.99961
297.446, 1.99903
297.509, 1.99993
297.572, 2.0018
297.634, 1.99782
297.697, 1.99985
297.76, 2.00024
297.823, 2.00159
297.886, 2.00108
297.949, 1.99899
298.011, 1.99877
298.074, 2.00134
298.137, 2.00188
298.2, 1.99907
298.263, 2.00038
298.326, 1.99968
298.388, 2.00094
298.451, 2.00136
298.514, 2.00364
298.577, 1.99971
298.64, 1.99862
298.703, 2.00115
298.765, 2.00016
298.828, 2.00044
298.891, 1.99924
298.954, 2.0017
299.017, 2.00169
299.08, 2.0018
299.142, 2.00188
299.205, 2.00292
299.268, 2.00085
299.331, 2.00163
299.394, 1.99964
299.457, 2.001
299.519, 2.00052
299.582, 2.00212
299.645, 2.00099
299.708, 1.99956
299.771, 2.0004
299.834, 1.99912
299.896, 1.99833
299.959, 2.00008
300.022, 1.9996
300.085, 2.00097
300.148, 2.00116
300.211, 1.99991
300.273, 1.9998
300.336, 1.99979
300.399, 2.00061
300.462, 1.99927
300.525, 1.99859
300.588, 1.99871
300.65, 2.00038
300.713, 2.00126
300.776, 1.99971
300.839, 1.99972
300.902, 1.99909
300.965, 1.99907
301.027, 2.00012
301.09, 2.00003
301.153, 2.00173
301.216, 2.00071
301.279, 2.0024
301.342, 2.00002
301.404, 2.0001
301.467, 2.00004
301.53, 1.9994
301.593, 1.9997
301.656, 2.00211
301.719, 2.00169
301.781, 1.99939
301.844, 1.99899
301.907, 2.00101
301.97, 1.99742
302.033, 1.99901
302.096, 2.00163
302.158, 2.00142
302.221, 2.0002
302.284, 2.00108
302.347, 2.00046
302.41, 2.0016
302.473, 2.00239
302.535, 1.99909
302.598, 2.00094
302.661, 2.00108
302.724, 2.00222
302.787, 2.00229
302.85, 2.0022
302.912, 2.00124
302.975, 2.00235
303.038, 2.00226
303.101, 2.00258
303.164, 2.00116
303.227, 2.00032
303.289, 1.99968
303.352, 2.00103
303.415, 2.0012
303.478, 2.0011
303.541, 2.00444
303.604, 2.00142
303.666, 2.00185
303.729, 2.00248
303.792, 2.00145
303.855, 2.00183
303.918, 2.00146
303.981, 2.0003
304.043, 1.99835
304.106, 2.00002
304.169, 2.00287
304.232, 2.0028
304.295, 1.99928
304.357, 2.00146
304.42, 2.00269
304.483, 2.00345
304.546, 2.00024
304.609, 2.00009
304.672, 2.00215
304.734, 2.00362
304.797, 2.00411
304.86, 2.00145
304.923, 2.00203
304.986, 2.00054
305.049, 2.00246
305.111, 2.00086
305.174, 2.00081
305.237, 2.00048
305.3, 2.0048
305.363, 2.00236
305.426, 2.00051
305.488, 2.00341
305.551, 2.00024
305.614, 2.00091
305.677, 1.99897
305.74, 2.00023
305.803, 1.99793
305.865, 2.00019
305.928, 1.99912
305.991, 2.00044
306.054, 1.99925
306.117, 1.99954
306.18, 2.00043
306.242, 1.99879
306.305, 2.00102
306.368, 1.99944
306.431, 2.00074
306.494, 1.99925
306.557, 1.99866
306.619, 1.99999
306.682, 1.99974
306.745, 1.99919
306.808, 2.00155
306.871, 1.99985
306.934, 1.99974
306.996, 1.99975
307.059, 1.99886
307.122, 1.99754
307.185, 2.00091
307.248, 2.00323
307.311, 2.00147
307.373, 2.00068
307.436, 2.00095
307.499, 1.99915
307.562, 1.99941
307.625, 1.99913
307.688, 1.99907
307.75, 1.99993
307.813, 2.00102
307.876, 1.99886
307.939, 2.00054
308.002, 1.99794
308.065, 1.9981
308.127, 1.99788
308.19, 2.00056
308.253, 2.00168
308.316, 1.99911
308.379, 1.99891
308.442, 1.99822
308.504, 1.99819
308.567, 1.99843
308.63, 2.00128
308.693, 2.00118
308.756, 2.00122
308.819, 2.00152
308.881, 1.99984
308.944, 2.00008
309.007, 1.9993
309.07, 2.00164
309.133, 2.0002
309.196, 2.00062
309.258, 2.00022
309.321, 2.00167
309.384, 2.0012
309.447, 2.0024
309.51, 2.00404
309.573, 2.00174
309.635, 2.00048
309.698, 1.99926
309.761, 2.00311
309.824, 2.00166
309.887, 2.0014
309.95, 1.99892
310.012, 1.99913
310.075, 1.99924
310.138, 2.00045
310.201, 2.00134
310.264, 2.00293
310.327, 2.00067
310.389, 2.00087
310.452, 1.99882
310.515, 1.99903
310.578, 2.00127
310.641, 1.99991
310.704, 1.99967
310.766, 1.99804
310.829, 2.00045
310.892, 2.00052
310.955, 2.00332
311.018, 2.00298
311.081, 2.00018
311.143, 2.00292
311.206, 2.00001
311.269, 2.00095
311.332, 2.00165
311.395, 1.99923
311.457, 2.00129
311.52, 2.00126
311.583, 2.00263
311.646, 2.00016
311.709, 2.00126
311.772, 2.00154
311.834, 2.00228
311.897, 2.00044
311.96, 2.0002
312.023, 2.00054
312.086, 2.00136
312.149, 1.99922
312.211, 2.00154
312.274, 1.99808
312.337, 1.99856
312.4, 1.99861
312.463, 1.99936
312.526, 1.99805
312.588, 2
312.651, 1.99846
312.714, 2.00046
312.777, 1.99787
312.84, 1.9995
312.903, 2.00267
312.965, 2.00086
313.028, 1.99794
313.091, 1.9995
313.154, 1.99868
313.217, 2.00073
313.28, 2.00139
313.342, 2.00143
313.405, 2.00185
313.468, 2.00334
313.531, 2.00194
313.594, 2.00264
313.657, 2.0006
313.719, 2.00006
313.782, 1.99812
313.845, 1.99823
313.908, 1.99958
313.971, 2.00262
314.034, 2.00168
314.096, 2.00213
314.159, 2.00187
