0, 2
0.0628319, 2.74936
0.125664, 2.93916
0.188496, 2.99565
0.251327, 3.01519
0.314159, 3.02991
0.376991, 3.03719
0.439823, 3.04523
0.502655, 3.0608
0.565487, 3.07251
0.628319, 3.08337
0.69115, 3.09194
0.753982, 3.10327
0.816814, 3.11611
0.879646, 3.11866
0.942478, 3.12958
1.00531, 3.14403
1.06814, 3.15502
1.13097, 3.16196
1.19381, 3.1798
1.25664, 3.18252
1.31947, 3.19328
1.3823, 3.19973
1.44513, 3.20985
1.50796, 3.22368
1.5708, 3.22963
1.63363, 3.23963
1.69646, 3.24634
1.75929, 3.25617
1.82212, 3.26926
1.88496, 3.27513
1.94779, 3.28453
2.01062, 3.28898
2.07345, 3.29247
2.13628, 3.30439
2.19911, 3.31797
2.26195, 3.3291
2.32478, 3.33871
2.38761, 3.35051
2.45044, 3.35186
2.51327, 3.36115
2.57611, 3.36333
2.63894, 3.37571
2.70177, 3.38542
2.7646, 3.3904
2.82743, 3.39997
2.89027, 3.40092
2.9531, 3.40461
3.01593, 3.4117
3.07876, 3.42104
3.14159, 3.42931
3.20442, 3.4438
3.26726, 3.45028
3.33009, 3.45
3.39292, 3.45718
3.45575, 3.46895
3.51858, 3.46991
3.58142, 3.47459
3.64425, 3.48818
3.70708, 3.49481
3.76991, 3.49684
3.83274, 3.501
3.89557, 3.50713
3.95841, 3.51068
4.02124, 3.52411
4.08407, 3.53041
4.1469, 3.53054
4.20973, 3.53916
4.27257, 3.54494
4.3354, 3.55223
4.39823, 3.55583
4.46106, 3.56379
4.52389, 3.56708
4.58673, 3.56648
4.64956, 3.57594
4.71239, 3.58452
4.77522, 3.58084
4.83805, 3.58611
4.90088, 3.59277
4.96372, 3.59303
5.02655, 3.5987
5.08938, 3.61169
5.15221, 3.60609
5.21504, 3.61496
5.27788, 3.62264
5.34071, 3.63226
5.40354, 3.63324
5.46637, 3.63517
5.5292, 3.63952
5.59203, 3.64554
5.65487, 3.64691
5.7177, 3.64479
5.78053, 3.65293
5.84336, 3.66045
5.90619, 3.66422
5.96903, 3.67234
6.03186, 3.67707
6.09469, 3.68078
6.15752, 3.67997
6.22035, 3.68263
6.28319, 3.68944
6.34602, 3.69059
6.40885, 3.69429
6.47168, 3.69906
6.53451, 3.69792
6.59734, 3.70808
6.66018, 3.71112
6.72301, 3.71573
6.78584, 3.72068
6.84867, 3.72394
6.9115, 3.7242
6.97434, 3.72278
7.03717, 3.7322
7.1, 3.73292
7.16283, 3.74498
7.22566, 3.74244
7.28849, 3.74311
7.35133, 3.75029
7.41416, 3.74969
7.47699, 3.75182
7.53982, 3.75404
7.60265, 3.75341
7.66549, 3.76015
7.72832, 3.76304
7.79115, 3.76371
7.85398, 3.77268
7.91681, 3.76973
7.97965, 3.77242
8.04248, 3.77875
8.10531, 3.78029
8.16814, 3.78343
8.23097, 3.78339
8.2938, 3.78981
8.35664, 3.7916
8.41947, 3.79331
8.4823, 3.80008
8.54513, 3.80065
8.60796, 3.80043
8.6708, 3.80039
8.73363, 3.80661
8.79646, 3.81241
8.85929, 3.81139
8.92212, 3.81313
8.98495, 3.81962
9.04779, 3.81755
9.11062, 3.81814
9.17345, 3.8221
9.23628, 3.81663
9.29911, 3.82436
9.36195, 3.82797
9.42478, 3.83136
9.48761, 3.83282
9.55044, 3.83738
9.61327, 3.84212
9.67611, 3.84312
9.73894, 3.83915
9.80177, 3.8452
9.8646, 3.84802
9.92743, 3.83959
9.99026, 3.84794
10.0531, 3.84582
10.1159, 3.85374
10.1788, 3.85379
10.2416, 3.85179
10.3044, 3.86155
10.3673, 3.85995
10.4301, 3.86249
10.4929, 3.86509
10.5558, 3.8632
10.6186, 3.86557
10.6814, 3.86628
10.7442, 3.8724
10.8071, 3.87637
10.8699, 3.87628
10.9327, 3.87571
10.9956, 3.8735
11.0584, 3.87532
11.1212, 3.87831
11.1841, 3.87564
11.2469, 3.88157
11.3097, 3.88029
11.3726, 3.88099
11.4354, 3.88563
11.4982, 3.88664
11.5611, 3.88659
11.6239, 3.89004
11.6867, 3.89684
11.7496, 3.89184
11.8124, 3.89283
11.8752, 3.89841
11.9381, 3.89666
12.0009, 3.89665
12.0637, 3.89857
12.1265, 3.89658
12.1894, 3.89828
12.2522, 3.90144
12.315, 3.90159
12.3779, 3.89482
12.4407, 3.90196
12.5035, 3.90357
12.5664, 3.90873
12.6292, 3.90919
12.692, 3.91176
12.7549, 3.91191
12.8177, 3.91099
12.8805, 3.91167
12.9434, 3.90816
13.0062, 3.91212
13.069, 3.91994
13.1319, 3.9182
13.1947, 3.92226
13.2575, 3.92121
13.3204, 3.92122
13.3832, 3.91801
13.446, 3.91851
13.5088, 3.92223
13.5717, 3.92716
13.6345, 3.92581
13.6973, 3.92483
13.7602, 3.9248
13.823, 3.92742
13.8858, 3.92706
13.9487, 3.93439
14.0115, 3.93254
14.0743, 3.93381
14.1372, 3.93096
14.2, 3.93554
14.2628, 3.9388
14.3257, 3.93843
14.3885, 3.94099
14.4513, 3.94148
14.5142, 3.94186
14.577, 3.94465
14.6398, 3.94282
14.7027, 3.93775
14.7655, 3.93931
14.8283, 3.94321
14.8911, 3.93997
14.954, 3.94017
15.0168, 3.94374
15.0796, 3.94712
15.1425, 3.94518
15.2053, 3.94341
15.2681, 3.94363
15.331, 3.94582
15.3938, 3.95084
15.4566, 3.94822
15.5195, 3.94439
15.5823, 3.94663
15.6451, 3.95341
15.708, 3.95343
15.7708, 3.94962
15.8336, 3.95209
15.8965, 3.95762
15.9593, 3.95479
16.0221, 3.95144
16.085, 3.95338
16.1478, 3.95576
16.2106, 3.95797
16.2734, 3.95283
16.3363, 3.95443
16.3991, 3.95329
16.4619, 3.96054
16.5248, 3.96075
16.5876, 3.95765
16.6504, 3.96297
16.7133, 3.96232
16.7761, 3.95923
16.8389, 3.95621
16.9018, 3.96055
16.9646, 3.96168
17.0274, 3.96195
17.0903, 3.96156
17.1531, 3.96481
17.2159, 3.96112
17.2788, 3.95842
17.3416, 3.96108
17.4044, 3.9641
17.4673, 3.96064
17.5301, 3.96668
17.5929, 3.96828
17.6558, 3.9676
17.7186, 3.96744
17.7814, 3.96771
17.8442, 3.96727
17.9071, 3.97232
17.9699, 3.96591
18.0327, 3.97054
18.0956, 3.97129
18.1584, 3.9703
18.2212, 3.97131
18.2841, 3.97279
18.3469, 3.97304
18.4097, 3.97424
18.4726, 3.97346
18.5354, 3.97329
18.5982, 3.97184
18.6611, 3.97374
18.7239, 3.97387
18.7867, 3.97314
18.8496, 3.97813
18.9124, 3.97297
18.9752, 3.97667
19.0381, 3.97576
19.1009, 3.97222
19.1637, 3.97068
19.2265, 3.9801
19.2894, 3.97672
19.3522, 3.97634
19.415, 3.97517
19.4779, 3.97789
19.5407, 3.98026
19.6035, 3.9781
19.6664, 3.98046
19.7292, 3.97725
19.792, 3.98083
19.8549, 3.98005
19.9177, 3.97867
19.9805, 3.9796
20.0434, 3.97968
20.1062, 3.98231
20.169, 3.98024
20.2319, 3.9812
20.2947, 3.97817
20.3575, 3.97947
20.4204, 3.978
20.4832, 3.97905
20.546, 3.97834
20.6088, 3.97848
20.6717, 3.98111
20.7345, 3.98145
20.7973, 3.9851
20.8602, 3.98708
20.923, 3.98854
20.9858, 3.9892
21.0487, 3.98222
21.1115, 3.98248
21.1743, 3.98501
21.2372, 3.98213
21.3, 3.98122
21.3628, 3.97863
21.4257, 3.98109
21.4885, 3.98521
21.5513, 3.98868
21.6142, 3.98658
21.677, 3.98435
21.7398, 3.97837
21.8027, 3.98476
21.8655, 3.98593
21.9283, 3.98518
21.9911, 3.98368
22.054, 3.98121
22.1168, 3.98261
22.1796, 3.98637
22.2425, 3.98224
22.3053, 3.9846
22.3681, 3.98454
22.431, 3.9854
22.4938, 3.99065
22.5566, 3.98467
22.6195, 3.9856
22.6823, 3.98866
22.7451, 3.98355
22.808, 3.9889
22.8708, 3.9844
22.9336, 3.98724
22.9965, 3.98389
23.0593, 3.99354
23.1221, 3.98479
23.185, 3.98874
23.2478, 3.9888
23.3106, 3.99084
23.3734, 3.99224
23.4363, 3.99106
23.4991, 3.99116
23.5619, 3.99005
23.6248, 3.9906
23.6876, 3.99068
23.7504, 3.99082
23.8133, 3.98946
23.8761, 3.99287
23.9389, 3.99145
24.0018, 3.99526
24.0646, 3.9901
24.1274, 3.98676
24.1903, 3.98724
24.2531, 3.98841
24.3159, 3.99584
24.3788, 3.99409
24.4416, 3.99198
24.5044, 3.98578
24.5673, 3.99568
24.6301, 3.99349
24.6929, 3.9952
24.7558, 3.99446
24.8186, 3.99103
24.8814, 3.99386
24.9442, 3.99699
25.0071, 3.98932
25.0699, 3.99244
25.1327, 3.99444
25.1956, 3.98985
25.2584, 3.99257
25.3212, 3.99938
25.3841, 4.00053
25.4469, 3.99719
25.5097, 3.98868
25.5726, 3.99258
25.6354, 3.99515
25.6982, 3.99524
25.7611, 3.98877
25.8239, 3.99348
25.8867, 3.995
25.9496, 3.9937
26.0124, 3.99546
26.0752, 3.99627
26.1381, 3.99449
26.2009, 3.99378
26.2637, 3.99525
26.3265, 3.99304
26.3894, 3.99465
26.4522, 3.99257
26.515, 3.99456
26.5779, 3.99277
26.6407, 3.98644
26.7035, 3.98958
26.7664, 3.98958
26.8292, 3.98852
26.892, 3.99082
26.9549, 3.98958
27.0177, 3.98848
27.0805, 3.99287
27.1434, 3.98882
27.2062, 3.99204
27.269, 3.99413
27.3319, 3.99008
27.3947, 3.99171
27.4575, 3.9858
27.5204, 3.98798
27.5832, 3.98855
27.646, 3.99129
27.7088, 3.99272
27.7717, 3.98684
27.8345, 3.98882
27.8973, 3.99141
27.9602, 3.99615
28.023, 3.99043
28.0858, 3.99331
28.1487, 3.99071
28.2115, 3.98863
28.2743, 3.9945
28.3372, 3.99494
28.4, 3.99904
28.4628, 3.99767
28.5257, 3.99167
28.5885, 3.99272
28.6513, 3.98922
28.7142, 3.99106
28.777, 3.98765
28.8398, 3.98878
28.9027, 3.99154
28.9655, 3.9948
29.0283, 3.99872
29.0911, 3.9981
29.154, 3.99569
29.2168, 3.98822
29.2796, 3.99147
29.3425, 3.99061
29.4053, 3.99406
29.4681, 3.9963
29.531, 3.99441
29.5938, 3.99285
29.6566, 3.99424
29.7195, 4.00069
29.7823, 3.9989
29.8451, 3.99393
29.908, 3.9985
29.9708, 3.99122
30.0336, 3.99114
30.0965, 3.99207
30.1593, 3.99409
30.2221, 3.98911
30.285, 3.99227
30.3478, 3.99366
30.4106, 3.99726
30.4734, 3.9974
30.5363, 3.99402
30.5991, 3.998
30.6619, 3.9978
30.7248, 4.00074
30.7876, 3.99422
30.8504, 3.99583
30.9133, 3.99495
30.9761, 3.99542
31.0389, 3.99815
31.1018, 3.99906
31.1646, 3.99368
31.2274, 3.99197
31.2903, 4.00079
31.3531, 3.99675
31.4159, 3.99395
31.4788, 3.99622
31.5416, 3.9962
31.6044, 3.99445
31.6673, 4.00221
31.7301, 3.9995
31.7929, 3.99532
31.8557, 3.99536
31.9186, 3.99614
31.9814, 3.99817
32.0442, 3.9996
32.1071, 3.99664
32.1699, 3.99471
32.2327, 4.00034
32.2956, 3.99263
32.3584, 3.99833
32.4212, 4.0015
32.4841, 3.99491
32.5469, 3.9992
32.6097, 3.9973
32.6726, 3.99661
32.7354, 4.00567
32.7982, 3.99962
32.8611, 3.99938
32.9239, 3.99857
32.9867, 3.99757
33.0496, 4.00088
33.1124, 3.99618
33.1752, 3.99728
33.2381, 3.99671
33.3009, 3.99528
33.3637, 3.99942
33.4265, 3.99565
33.4894, 3.99459
33.5522, 3.99517
33.615, 3.9964
33.6779, 3.99362
33.7407, 3.99763
33.8035, 3.99569
33.8664, 3.9975
33.9292, 4.00176
33.992, 4.00123
34.0549, 3.99793
34.1177, 4.00841
34.1805, 4.00248
34.2434, 4.00594
34.3062, 4.00193
34.369, 3.99936
34.4319, 4.00614
34.4947, 4.00374
34.5575, 4.0053
34.6204, 4.00678
34.6832, 4.00856
34.746, 4.00657
34.8088, 4.00571
34.8717, 4.00952
34.9345, 4.00312
34.9973, 4.01065
35.0602, 4.00597
35.123, 4.00443
35.1858, 4.00025
35.2487, 3.99961
35.3115, 4.00444
35.3743, 4.00419
35.4372, 4.00135
35.5, 4.00412
35.5628, 3.99647
35.6257, 4.00585
35.6885, 4.00259
35.7513, 4.00445
35.8142, 4.00314
35.877, 4.00236
35.9398, 4.00736
36.0027, 4.00418
36.0655, 4.00259
36.1283, 4.0034
36.1911, 4.00051
36.254, 4.00328
36.3168, 4.00175
36.3796, 3.99687
36.4425, 3.99909
36.5053, 4.00211
36.5681, 4.00829
36.631, 4.00154
36.6938, 4.00192
36.7566, 3.99862
36.8195, 4.00422
36.8823, 4.00315
36.9451, 4.0017
37.008, 4.00257
37.0708, 3.99635
37.1336, 3.99984
37.1965, 4.00214
37.2593, 4.00379
37.3221, 4.00236
37.385, 4.00305
37.4478, 4.00231
37.5106, 4.00256
37.5734, 4.00127
37.6363, 3.99971
37.6991, 4.0033
37.7619, 4.00251
37.8248, 4.00369
37.8876, 4.00027
37.9504, 4.00211
38.0133, 4.0043
38.0761, 4.00138
38.1389, 4.00258
38.2018, 3.99879
38.2646, 4.00649
38.3274, 4.00254
38.3903, 3.999
38.4531, 4.00619
38.5159, 4.00839
38.5788, 4.00359
38.6416, 4.00498
38.7044, 4.00321
38.7673, 3.99442
38.8301, 4.00104
38.8929, 3.99965
38.9557, 4.00683
39.0186, 4.00576
39.0814, 4.00918
39.1442, 4.00578
39.2071, 4.00306
39.2699, 4.00387
39.3327, 4.00261
39.3956, 3.99987
39.4584, 4.00129
39.5212, 4.00174
39.5841, 4.00513
39.6469, 4.00245
39.7097, 3.99598
39.7726, 3.99832
39.8354, 3.99525
39.8982, 3.99435
39.9611, 3.99872
40.0239, 4.00521
40.0867, 4.00007
40.1496, 4.00166
40.2124, 4.0021
40.2752, 3.99739
40.338, 3.99919
40.4009, 3.99535
40.4637, 3.99406
40.5265, 3.99893
40.5894, 3.99423
40.6522, 4.00143
40.715, 3.999
40.7779, 4.00058
40.8407, 3.99951
40.9035, 3.9985
40.9664, 3.99647
41.0292, 4.00239
41.092, 3.99914
41.1549, 3.99861
41.2177, 4.00277
41.2805, 3.99617
41.3434, 3.99873
41.4062, 4.00252
41.469, 4.00081
41.5319, 3.99122
41.5947, 3.99499
41.6575, 3.99505
41.7204, 4.00042
41.7832, 3.99969
41.846, 3.99953
41.9088, 3.99711
41.9717, 4.00045
42.0345, 4.00397
42.0973, 4.00492
42.1602, 4.00231
42.223, 4.00108
42.2858, 3.99972
42.3487, 3.99993
42.4115, 4.00036
42.4743, 4.00176
42.5372, 3.99721
42.6, 4.00347
42.6628, 4.00286
42.7257, 3.99938
42.7885, 4.00006
42.8513, 3.99773
42.9142, 4.00131
42.977, 4.00434
43.0398, 3.99975
43.1027, 4.00186
43.1655, 4.00273
43.2283, 4.00484
43.2911, 4.00622
43.354, 4.0079
43.4168, 4.00481
43.4796, 4.00525
43.5425, 4.00063
43.6053, 4.00176
43.6681, 4.00208
43.731, 4.00257
43.7938, 4.00319
43.8566, 4.00361
43.9195, 4.00038
43.9823, 3.99935
44.0451, 4.00469
44.108, 4.00603
44.1708, 4.00419
44.2336, 4.00293
44.2965, 3.99973
44.3593, 4.0005
44.4221, 4.00295
44.485, 3.99908
44.5478, 3.99798
44.6106, 4.00005
44.6734, 4.00446
44.7363, 3.99861
44.7991, 4.00289
44.8619, 4.00125
44.9248, 4.00052
44.9876, 4.00055
45.0504, 4.00129
45.1133, 4.00053
45.1761, 3.99971
45.2389, 4.00045
45.3018, 3.99993
45.3646, 3.9982
45.4274, 3.99863
45.4903, 4.00125
45.5531, 4.00305
45.6159, 4.00034
45.6788, 4.00221
45.7416, 3.99796
45.8044, 3.99888
45.8673, 4.00652
45.9301, 4.00466
45.9929, 4.00017
46.0557, 4.00199
46.1186, 3.99944
46.1814, 4.00264
46.2442, 3.99906
46.3071, 3.99657
46.3699, 4.00241
46.4327, 4.00473
46.4956, 3.99858
46.5584, 3.99448
46.6212, 4.00211
46.6841, 3.99901
46.7469, 4.00352
46.8097, 4.00238
46.8726, 3.99484
46.9354, 4.00244
46.9982, 4.0005
47.0611, 4.00237
47.1239, 4.00198
47.1867, 3.99897
47.2496, 4.00403
47.3124, 4.00799
47.3752, 4.00039
47.438, 4.00977
47.5009, 4.00584
47.5637, 4.0061
47.6265, 3.99901
47.6894, 4.00577
47.7522, 4.0032
47.815, 4.00515
47.8779, 4.01032
47.9407, 4.00462
48.0035, 4.00645
48.0664, 4.00262
48.1292, 4.00358
48.192, 4.00257
48.2549, 4.00562
48.3177, 4.00417
48.3805, 4.00292
48.4434, 4.00501
48.5062, 3.99832
48.569, 4.00307
48.6319, 4.00152
48.6947, 4.00453
48.7575, 4.00242
48.8203, 4.00616
48.8832, 4.00538
48.946, 4.00642
49.0088, 4.01343
49.0717, 4.0066
49.1345, 4.00694
49.1973, 4.00607
49.2602, 4.00883
49.323, 4.00964
49.3858, 4.00747
49.4487, 4.00835
49.5115, 4.00606
49.5743, 4.00765
49.6372, 4.00596
49.7, 4.00582
49.7628, 4.00788
49.8257, 4.0104
49.8885, 4.00808
49.9513, 4.00545
50.0142, 4.0059
50.077, 4.01174
50.1398, 4.00401
50.2027, 4.00557
50.2655, 4.00643
50.3283, 4.00619
50.3911, 4.01007
50.454, 4.00742
50.5168, 4.00661
50.5796, 4.00875
50.6425, 4.01076
50.7053, 4.0092
50.7681, 4.00778
50.831, 4.00539
50.8938, 4.00868
50.9566, 4.00815
51.0195, 4.00584
51.0823, 4.00721
51.1451, 4.00806
51.208, 4.00865
51.2708, 4.00879
51.3336, 4.01096
51.3965, 4.00758
51.4593, 4.00378
51.5221, 4.00814
51.585, 4.00316
51.6478, 4.00477
51.7106, 4.00341
51.7734, 4.0083
51.8363, 4.00496
51.8991, 4.00628
51.9619, 4.00658
52.0248, 4.00284
52.0876, 4.01102
52.1504, 4.01157
52.2133, 4.01162
52.2761, 4.01014
52.3389, 4.00163
52.4018, 4.00825
52.4646, 4.00463
52.5274, 4.00946
52.5903, 4.00938
52.6531, 4.00351
52.7159, 4.00954
52.7788, 4.00832
52.8416, 4.00714
52.9044, 4.00617
52.9673, 3.99819
53.0301, 4.0075
53.0929, 4.01214
53.1557, 4.00944
53.2186, 4.00565
53.2814, 4.00687
53.3442, 4.00353
53.4071, 4.00623
53.4699, 4.00894
53.5327, 4.0088
53.5956, 4.00756
53.6584, 4.00714
53.7212, 4.01171
53.7841, 4.00543
53.8469, 4.00222
53.9097, 4.00394
53.9726, 4.00358
54.0354, 4.00693
54.0982, 4.00761
54.1611, 4.00869
54.2239, 4.00868
54.2867, 4.00923
54.3496, 4.00854
54.4124, 4.01134
54.4752, 4.00911
54.538, 4.00629
54.6009, 4.00887
54.6637, 4.00387
54.7265, 4.00447
54.7894, 4.00376
54.8522, 4.00545
54.915, 4.0065
54.9779, 4.00486
55.0407, 4.00898
55.1035, 4.00755
55.1664, 4.008
55.2292, 4.01043
55.292, 4.00597
55.3549, 4.00279
55.4177, 4.00747
55.4805, 4.00936
55.5434, 4.01351
55.6062, 4.01162
55.669, 4.00549
55.7319, 4.00834
55.7947, 4.00893
55.8575, 4.01029
55.9203, 4.01198
55.9832, 4.00659
56.046, 4.00454
56.1088, 4.00777
56.1717, 4.01346
56.2345, 4.00736
56.2973, 4.01203
56.3602, 4.00902
56.423, 4.01111
56.4858, 4.01092
56.5487, 4.01014
56.6115, 4.00736
56.6743, 4.01082
56.7372, 4.01005
56.8, 4.00464
56.8628, 4.0035
56.9257, 4.00473
56.9885, 4.00722
57.0513, 4.0078
57.1142, 4.00793
57.177, 4.01185
57.2398, 4.01226
57.3027, 4.00887
57.3655, 4.01243
57.4283, 4.00919
57.4911, 4.00621
57.554, 4.01093
57.6168, 4.00528
57.6796, 4.01305
57.7425, 4.01387
57.8053, 4.01091
57.8681, 4.00884
57.931, 4.00943
57.9938, 4.01288
58.0566, 4.00912
58.1195, 4.00415
58.1823, 4.00642
58.2451, 4.00604
58.308, 4.00905
58.3708, 4.01325
58.4336, 4.01285
58.4965, 4.01638
58.5593, 4.00878
58.6221, 4.0043
58.685, 4.00428
58.7478, 4.00876
58.8106, 4.0116
58.8734, 4.01551
58.9363, 4.01461
58.9991, 4.0104
59.0619, 4.00969
59.1248, 4.00935
59.1876, 4.00929
59.2504, 4.01197
59.3133, 4.00748
59.3761, 4.01158
59.4389, 4.01198
59.5018, 4.01354
59.5646, 4.01003
59.6274, 4.0083
59.6903, 4.00912
59.7531, 4.00166
59.8159, 4.00543
59.8788, 4.00754
59.9416, 4.00562
60.0044, 4.00686
60.0673, 4.00796
60.1301, 4.00681
60.1929, 4.00459
60.2557, 4.00831
60.3186, 4.00117
60.3814, 4.0052
60.4442, 4.00895
60.5071, 4.00729
60.5699, 4.00363
60.6327, 4.00611
60.6956, 4.00345
60.7584, 4.00614
60.8212, 4.00481
60.8841, 4.01484
60.9469, 4.01213
61.0097, 4.00676
61.0726, 4.00699
61.1354, 4.00679
61.1982, 4.01044
61.2611, 4.0081
61.3239, 4.01148
61.3867, 4.00526
61.4496, 4.00426
61.5124, 4.00791
61.5752, 4.00558
61.638, 4.00581
61.7009, 4.00208
61.7637, 4.00436
61.8265, 4.00576
61.8894, 4.00295
61.9522, 4.00677
62.015, 4.01324
62.0779, 4.00633
62.1407, 4.00501
62.2035, 4.00674
62.2664, 4.00634
62.3292, 4.00861
62.392, 4.00654
62.4549, 4.00557
62.5177, 4.00548
62.5805, 4.00594
62.6434, 4.00332
62.7062, 4.00853
62.769, 4.00904
62.8319, 4.01203
62.8947, 4.00828
62.9575, 4.00599
63.0203, 4.00639
63.0832, 4.00263
63.146, 4.00251
63.2088, 4.00867
63.2717, 4.00764
63.3345, 4.00892
63.3973, 4.00568
63.4602, 4.01472
63.523, 4.00773
63.5858, 4.01162
63.6487, 4.00665
63.7115, 4.0068
63.7743, 4.00594
63.8372, 4.00319
63.9, 4.00269
63.9628, 4.00942
64.0257, 4.00999
64.0885, 4.01033
64.1513, 4.00905
64.2142, 4.00327
64.277, 4.00647
64.3398, 4.01309
64.4026, 4.00486
64.4655, 4.00733
64.5283, 4.00549
64.5911, 4.0076
64.654, 4.0068
64.7168, 4.00419
64.7796, 4.00531
64.8425, 4.00421
64.9053, 4.0093
64.9681, 4.0111
65.031, 4.005
65.0938, 4.008
65.1566, 4.01142
65.2195, 4.00549
65.2823, 4.00844
65.3451, 4.00638
65.408, 4.00338
65.4708, 4.00853
65.5336, 4.00478
65.5965, 4.00499
65.6593, 4.00685
65.7221, 4.00853
65.785, 4.00575
65.8478, 4.00291
65.9106, 3.99977
65.9734, 4.00237
66.0363, 4.00169
66.0991, 4.00425
66.1619, 4.00922
66.2248, 4.00222
66.2876, 4
66.3504, 4.00382
66.4133, 4.00275
66.4761, 3.99921
66.5389, 4.00112
66.6018, 4.00279
66.6646, 4.00543
66.7274, 4.00432
66.7903, 4.00311
66.8531, 4.00202
66.9159, 4.00632
66.9788, 4.00633
67.0416, 4.00426
67.1044, 4.00536
67.1673, 4.00294
67.2301, 4.00319
67.2929, 4.00057
67.3557, 4.0001
67.4186, 3.99772
67.4814, 4.0056
67.5442, 4.00402
67.6071, 4.0045
67.6699, 4.00061
67.7327, 4.00023
67.7956, 3.99941
67.8584, 3.99919
67.9212, 3.99518
67.9841, 4.00273
68.0469, 4.002
68.1097, 3.99986
68.1726, 3.99664
68.2354, 3.99747
68.2982, 3.99722
68.3611, 3.99714
68.4239, 4.0002
68.4867, 4.00469
68.5496, 4.00868
68.6124, 3.99494
68.6752, 3.996
68.738, 4.00234
68.8009, 3.99656
68.8637, 4.00076
68.9265, 4.00388
68.9894, 3.99749
69.0522, 3.99845
69.115, 4.00072
69.1779, 4.00163
69.2407, 4.00103
69.3035, 3.99862
69.3664, 3.99733
69.4292, 3.99495
69.492, 3.99432
69.5549, 4.00204
69.6177, 3.99921
69.6805, 4.0012
69.7434, 4.00115
69.8062, 3.99494
69.869, 3.99384
69.9319, 4.00156
69.9947, 3.99545
70.0575, 3.99025
70.1203, 4.00001
70.1832, 3.99918
70.246, 4.00625
70.3088, 4.00279
70.3717, 4.00375
70.4345, 3.99863
70.4973, 3.99693
70.5602, 4.00152
70.623, 3.99754
70.6858, 4.00267
70.7487, 4.00016
70.8115, 3.99479
70.8743, 4.00009
70.9372, 3.99885
71, 3.99401
71.0628, 4.00017
71.1257, 3.99875
71.1885, 4.00058
71.2513, 3.99497
71.3142, 3.9971
71.377, 3.99615
71.4398, 3.99823
71.5026, 3.99449
71.5655, 4.00125
71.6283, 4.00267
71.6911, 3.99714
71.754, 3.99493
71.8168, 3.99573
71.8796, 3.99421
71.9425, 3.99346
72.0053, 4.00055
72.0681, 4.00164
72.131, 3.9955
72.1938, 3.99054
72.2566, 3.99674
72.3195, 4.00062
72.3823, 3.99588
72.4451, 3.9964
72.508, 3.99997
72.5708, 3.99735
72.6336, 3.99893
72.6965, 3.99495
72.7593, 3.99942
72.8221, 4.00404
72.8849, 4.0002
72.9478, 3.99937
73.0106, 3.99917
73.0734, 3.99951
73.1363, 4.00161
73.1991, 4.00054
73.2619, 4.00335
73.3248, 4.00476
73.3876, 3.99902
73.4504, 3.99518
73.5133, 4.0002
73.5761, 3.99765
73.6389, 4.00038
73.7018, 4.00486
73.7646, 4.00236
73.8274, 4.00399
73.8903, 4.00089
73.9531, 4.0034
74.0159, 4.00778
74.0788, 4.00041
74.1416, 4.00017
74.2044, 4.00254
74.2673, 4.00195
74.3301, 4.00036
74.3929, 4.00521
74.4557, 4.00418
74.5186, 3.99616
74.5814, 4.00737
74.6442, 4.00233
74.7071, 4.00054
74.7699, 4.00141
74.8327, 4.00096
74.8956, 4.0005
74.9584, 4.00021
75.0212, 4.0036
75.0841, 4.0077
75.1469, 4.00343
75.2097, 4.00779
75.2726, 4.00476
75.3354, 4.0071
75.3982, 4.00866
75.4611, 4.00429
75.5239, 3.9989
75.5867, 4.00497
75.6496, 4.00593
75.7124, 4.00267
75.7752, 3.99988
75.838, 3.99635
75.9009, 3.99793
75.9637, 3.997
76.0265, 4.00254
76.0894, 4.00361
76.1522, 4.00646
76.215, 4.00366
76.2779, 3.99744
76.3407, 3.99942
76.4035, 4.00075
76.4664, 4.00344
76.5292, 3.99914
76.592, 4.00151
76.6549, 4.00311
76.7177, 4.00136
76.7805, 4.00187
76.8434, 4.00315
76.9062, 4.00325
76.969, 4.00487
77.0319, 4.00153
77.0947, 4.00315
77.1575, 4.0014
77.2203, 4.00244
77.2832, 4.00103
77.346, 4.00713
77.4088, 4.00207
77.4717, 4.00819
77.5345, 4.00373
77.5973, 3.99962
77.6602, 4.00495
77.723, 3.99961
77.7858, 4.00059
77.8487, 4.00085
77.9115, 4.00202
77.9743, 4.00119
78.0372, 3.99918
78.1, 3.99696
78.1628, 3.99834
78.2257, 3.99951
78.2885, 4.00072
78.3513, 3.99591
78.4142, 3.99835
78.477, 4.00074
78.5398, 3.99933
78.6026, 3.99919
78.6655, 4.00109
78.7283, 4.00559
78.7911, 4.00225
78.854, 4.00329
78.9168, 3.99929
78.9796, 3.99282
79.0425, 3.99466
79.1053, 3.99857
79.1681, 3.99855
79.231, 3.99534
79.2938, 3.99322
79.3566, 3.99927
79.4195, 3.99702
79.4823, 3.99743
79.5451, 4.00032
79.608, 4.00317
79.6708, 4.00295
79.7336, 4.00063
79.7965, 4.00077
79.8593, 3.99481
79.9221, 3.99778
79.9849, 3.99607
80.0478, 3.9999
80.1106, 3.99707
80.1734, 4.00063
80.2363, 3.9985
80.2991, 3.99784
80.3619, 3.99857
80.4248, 3.99627
80.4876, 3.99743
80.5504, 3.99916
80.6133, 3.99805
80.6761, 3.99916
80.7389, 3.99802
80.8018, 4.00048
80.8646, 3.99848
80.9274, 4.0016
80.9903, 3.99906
81.0531, 3.9986
81.1159, 3.99707
81.1788, 3.99644
81.2416, 3.99754
81.3044, 3.99377
81.3672, 3.99272
81.4301, 3.9969
81.4929, 3.99996
81.5557, 4.00215
81.6186, 4.00121
81.6814, 3.99444
81.7442, 3.99678
81.8071, 4.00053
81.8699, 3.99918
81.9327, 3.9986
81.9956, 3.99856
82.0584, 3.99653
82.1212, 3.99773
82.1841, 3.99948
82.2469, 4.00141
82.3097, 3.99307
82.3726, 3.99765
82.4354, 3.99422
82.4982, 3.99919
82.5611, 4.00593
82.6239, 4.00106
82.6867, 4.00408
82.7496, 3.99982
82.8124, 4.00588
82.8752, 4.00109
82.938, 3.99655
83.0009, 4.001
83.0637, 3.99762
83.1265, 3.9979
83.1894, 3.99866
83.2522, 4.00148
83.315, 4.00024
83.3779, 3.99823
83.4407, 3.99942
83.5035, 4.00281
83.5664, 4.00011
83.6292, 3.99651
83.692, 4.00309
83.7549, 3.99695
83.8177, 3.9975
83.8805, 3.99817
83.9434, 3.998
84.0062, 3.99886
84.069, 4.0018
84.1319, 4.00279
84.1947, 4.00061
84.2575, 4.00159
84.3203, 3.99698
84.3832, 3.99816
84.446, 4.00185
84.5088, 3.99617
84.5717, 4.00056
84.6345, 4.00315
84.6973, 4.00163
84.7602, 3.999
84.823, 4.00109
84.8858, 3.99916
84.9487, 4.00009
85.0115, 3.99893
85.0743, 4.00134
85.1372, 3.9965
85.2, 3.99851
85.2628, 3.99663
85.3257, 3.99855
85.3885, 3.99785
85.4513, 4.00038
85.5142, 4.00005
85.577, 4.00266
85.6398, 3.99864
85.7026, 4.00581
85.7655, 3.99804
85.8283, 3.99796
85.8911, 3.99329
85.954, 4.00305
86.0168, 4.00656
86.0796, 4.00044
86.1425, 4.00074
86.2053, 3.99773
86.2681, 3.99806
86.331, 3.99848
86.3938, 4.00231
86.4566, 4.00291
86.5195, 3.99943
86.5823, 3.9983
86.6451, 4.00117
86.708, 3.99805
86.7708, 3.99937
86.8336, 4.00352
86.8965, 4.00383
86.9593, 4.00068
87.0221, 3.99873
87.0849, 4.00065
87.1478, 3.99895
87.2106, 4.00446
87.2734, 4.00091
87.3363, 3.99301
87.3991, 3.99673
87.4619, 4.00179
87.5248, 3.99942
87.5876, 4.00271
87.6504, 3.99583
87.7133, 3.9994
87.7761, 3.9991
87.8389, 4.00184
87.9018, 4.00023
87.9646, 3.99844
88.0274, 3.99772
88.0903, 4.00099
88.1531, 3.99994
88.2159, 3.99466
88.2788, 3.99739
88.3416, 4.0029
88.4044, 3.9937
88.4672, 3.99958
88.5301, 3.99682
88.5929, 3.9971
88.6557, 3.99509
88.7186, 3.99993
88.7814, 3.99417
88.8442, 3.99669
88.9071, 4.00149
88.9699, 3.99654
89.0327, 3.99978
89.0956, 3.99813
89.1584, 3.99718
89.2212, 4.00116
89.2841, 4.0019
89.3469, 4.00102
89.4097, 3.99961
89.4726, 4.00323
89.5354, 4.00461
89.5982, 4.00126
89.6611, 3.99674
89.7239, 3.9978
89.7867, 3.99949
89.8495, 3.99966
89.9124, 4.01009
89.9752, 4.00376
90.038, 4.00332
90.1009, 4.00502
90.1637, 4.00497
90.2265, 4.00436
90.2894, 4.00284
90.3522, 4.00474
90.415, 4.00561
90.4779, 4.00136
90.5407, 4.00444
90.6035, 4.00242
90.6664, 4.00494
90.7292, 3.99684
90.792, 4.00398
90.8549, 4.0009
90.9177, 3.99786
90.9805, 3.99974
91.0434, 3.9967
91.1062, 3.99829
91.169, 3.99661
91.2319, 4.00249
91.2947, 3.99673
91.3575, 3.99358
91.4203, 3.9996
91.4832, 3.99748
91.546, 3.99981
91.6088, 4.00036
91.6717, 4.00321
91.7345, 4.00228
91.7973, 3.99938
91.8602, 3.99702
91.923, 3.99727
91.9858, 3.99567
92.0487, 3.99642
92.1115, 3.99843
92.1743, 3.9991
92.2372, 4.00087
92.3, 4.00896
92.3628, 3.99569
92.4257, 4.00111
92.4885, 4.00148
92.5513, 4.00035
92.6142, 4.005
92.677, 4.0014
92.7398, 4.00152
92.8026, 3.99822
92.8655, 4.00107
92.9283, 4.00157
92.9911, 4.00355
93.054, 4.0039
93.1168, 4.00029
93.1796, 4.00002
93.2425, 4.00429
93.3053, 4.00234
93.3681, 4.00049
93.431, 3.99746
93.4938, 3.99843
93.5566, 4.00139
93.6195, 3.9986
93.6823, 4.00189
93.7451, 3.99972
93.808, 4.00014
93.8708, 3.99839
93.9336, 3.99953
93.9965, 4.00386
94.0593, 3.9998
94.1221, 4.00056
94.1849, 4.00203
94.2478, 3.99407
94.3106, 4.00084
94.3734, 4.00319
94.4363, 4.00397
94.4991, 4.00243
94.5619, 4.00208
94.6248, 4.00452
94.6876, 4.00161
94.7504, 4.00714
94.8133, 4.0028
94.8761, 3.99908
94.9389, 4.00552
95.0018, 4.00252
95.0646, 4.00133
95.1274, 4.00474
95.1903, 4.00478
95.2531, 4.00484
95.3159, 4.00116
95.3788, 3.99887
95.4416, 3.99659
95.5044, 4.00152
95.5672, 4.00228
95.6301, 3.99929
95.6929, 4.00058
95.7557, 3.99942
95.8186, 4.0009
95.8814, 4.00468
95.9442, 3.9967
96.0071, 4.00173
96.0699, 4.00099
96.1327, 3.99391
96.1956, 4.00076
96.2584, 3.99799
96.3212, 3.99709
96.3841, 3.99717
96.4469, 3.99765
96.5097, 3.99649
96.5726, 4.0002
96.6354, 3.99777
96.6982, 3.99863
96.7611, 3.99685
96.8239, 3.99885
96.8867, 3.99338
96.9495, 3.99637
97.0124, 3.99611
97.0752, 3.99863
97.138, 3.99897
97.2009, 3.9988
97.2637, 4.00223
97.3265, 4.00201
97.3894, 4.00463
97.4522, 3.99939
97.515, 3.99703
97.5779, 3.99808
97.6407, 4.00205
97.7035, 3.99734
97.7664, 3.99997
97.8292, 3.99689
97.892, 4.00075
97.9549, 3.99588
98.0177, 3.99868
98.0805, 4.00083
98.1434, 3.99599
98.2062, 3.9963
98.269, 3.993
98.3319, 3.99667
98.3947, 3.99462
98.4575, 3.99183
98.5203, 3.99457
98.5832, 3.99133
98.646, 3.99958
98.7088, 3.99528
98.7717, 3.99505
98.8345, 3.99907
98.8973, 3.99761
98.9602, 3.99964
99.023, 3.99678
99.0858, 3.99771
99.1487, 4.00224
99.2115, 3.99826
99.2743, 3.9991
99.3372, 3.99769
99.4, 3.99321
99.4628, 3.99155
99.5257, 3.99201
99.5885, 3.99619
99.6513, 4.00143
99.7142, 3.99492
99.777, 3.99815
99.8398, 3.99315
99.9026, 3.99494
99.9655, 3.99269
100.028, 3.99526
100.091, 3.99154
100.154, 3.99718
100.217, 3.99235
100.28, 3.99199
100.342, 3.99587
100.405, 3.99358
100.468, 3.99182
100.531, 3.99407
100.594, 3.99636
100.657, 3.99146
100.719, 3.99295
100.782, 3.99302
100.845, 3.99722
100.908, 3.99138
100.971, 3.99121
101.034, 3.99792
101.096, 3.9962
101.159, 3.99221
101.222, 3.9943
101.285, 3.99355
101.348, 3.99475
101.411, 3.99626
101.473, 3.99623
101.536, 3.99444
101.599, 3.9923
101.662, 3.99292
101.725, 3.99891
101.788, 3.99673
101.85, 3.99539
101.913, 3.99318
101.976, 3.9981
102.039, 3.99611
102.102, 3.99174
102.165, 3.99775
102.227, 3.995
102.29, 3.99837
102.353, 3.996
102.416, 3.99253
102.479, 3.99669
102.542, 3.99377
102.604, 3.99501
102.667, 3.99149
102.73, 3.98865
102.793, 3.9933
102.856, 3.99676
102.919, 3.9942
102.981, 3.99492
103.044, 3.99036
103.107, 3.99361
103.17, 3.99696
103.233, 3.99679
103.296, 3.99389
103.358, 3.989
103.421, 3.99131
103.484, 3.98954
103.547, 3.9931
103.61, 3.99214
103.673, 3.99296
103.735, 3.99448
103.798, 3.9908
103.861, 3.99485
103.924, 3.99599
103.987, 3.99515
104.05, 3.98934
104.112, 3.99618
104.175, 3.99335
104.238, 3.99569
104.301, 3.99421
104.364, 3.99661
104.427, 3.9952
104.489, 3.99241
104.552, 3.99497
104.615, 3.99448
104.678, 3.99373
104.741, 3.99389
104.804, 3.99951
104.866, 3.99966
104.929, 3.99338
104.992, 3.9996
105.055, 3.99924
105.118, 3.99428
105.181, 3.99574
105.243, 3.9981
105.306, 3.99512
105.369, 3.99435
105.432, 4.00185
105.495, 3.99906
105.558, 4.0025
105.62, 4.00364
105.683, 3.99836
105.746, 4.00273
105.809, 4.00225
105.872, 4.00334
105.935, 4.00443
105.997, 4.00137
106.06, 4.00313
106.123, 4.00302
106.186, 4.00296
106.249, 4.00203
106.311, 4.00461
106.374, 3.99934
106.437, 4.00144
106.5, 4.00206
106.563, 3.99591
106.626, 3.99953
106.688, 4.00263
106.751, 4.00465
106.814, 4.00294
106.877, 4.00604
106.94, 4.00363
107.003, 4.00034
107.065, 4.00051
107.128, 4.00232
107.191, 4.0005
107.254, 4.00374
107.317, 4.00023
107.38, 4.00263
107.442, 4.00249
107.505, 3.99931
107.568, 3.99656
107.631, 3.99774
107.694, 3.99427
107.757, 4.00021
107.819, 3.9992
107.882, 4
107.945, 3.99602
108.008, 3.99863
108.071, 4.00134
108.134, 4.0002
108.196, 4.00631
108.259, 4.00266
108.322, 4.00214
108.385, 4.00071
108.448, 4.00085
108.511, 3.99957
108.573, 4.00544
108.636, 3.99545
108.699, 3.99615
108.762, 4.00322
108.825, 4.00581
108.888, 4.00133
108.95, 4.00418
109.013, 4.00468
109.076, 4.00603
109.139, 4.0008
109.202, 4.00377
109.265, 3.99867
109.327, 3.99949
109.39, 3.99817
109.453, 3.99712
109.516, 4.00352
109.579, 4.00321
109.642, 4.00245
109.704, 4.00265
109.767, 4.00572
109.83, 4.00126
109.893, 4.00595
109.956, 4.00064
110.019, 4.00007
110.081, 4.00408
110.144, 4.00215
110.207, 4.0061
110.27, 4.0073
110.333, 4.00031
110.396, 3.99641
110.458, 3.99857
110.521, 4.00293
110.584, 4.00378
110.647, 4.00135
110.71, 3.9973
110.773, 3.99936
110.835, 4.00376
110.898, 3.99976
110.961, 4.00021
111.024, 3.99701
111.087, 3.99942
111.15, 3.99799
111.212, 3.99802
111.275, 3.99951
111.338, 4.0035
111.401, 4.00068
111.464, 4.00214
111.527, 4.00101
111.589, 3.9969
111.652, 3.9965
111.715, 3.99493
111.778, 3.99881
111.841, 4.00111
111.904, 4.00157
111.966, 4.00087
112.029, 3.99472
112.092, 3.99808
112.155, 4.00227
112.218, 3.99956
112.281, 3.9999
112.343, 4.00378
112.406, 4.00134
112.469, 3.99881
112.532, 4.00431
112.595, 4.00108
112.658, 3.99736
112.72, 3.99815
112.783, 4.00054
112.846, 4.00198
112.909, 4.00044
112.972, 4.00009
113.035, 4.00178
113.097, 4.00002
113.16, 3.998
113.223, 3.99607
113.286, 3.99872
113.349, 3.99644
113.411, 3.99438
113.474, 3.99951
113.537, 3.99613
113.6, 4.00037
113.663, 3.99975
113.726, 3.99968
113.788, 4.00067
113.851, 4.00037
113.914, 4.00198
113.977, 3.9994
114.04, 4.00107
114.103, 3.99755
114.165, 4.00323
114.228, 3.99746
114.291, 3.99968
114.354, 3.99621
114.417, 4.00265
114.48, 4.00019
114.542, 4.0041
114.605, 3.99933
114.668, 3.99819
114.731, 4.00098
114.794, 4.00087
114.857, 4.00102
114.919, 3.99652
114.982, 3.99892
115.045, 4.00712
115.108, 3.99616
115.171, 3.99979
115.234, 4.00205
115.296, 3.99582
115.359, 3.99906
115.422, 4.00229
115.485, 4.00435
115.548, 3.9968
115.611, 4.00026
115.673, 3.99867
115.736, 4.00291
115.799, 4.00218
115.862, 4.00203
115.925, 4.00229
115.988, 4.00154
116.05, 4.00175
116.113, 3.99758
116.176, 3.99998
116.239, 4.00647
116.302, 4.00264
116.365, 4.00468
116.427, 4.00537
116.49, 4.00147
116.553, 4.00257
116.616, 3.99935
116.679, 4.00109
116.742, 3.99898
116.804, 3.99722
116.867, 4.0012
116.93, 3.99761
116.993, 3.99583
117.056, 4.0058
117.119, 4.00632
117.181, 4.00137
117.244, 3.99712
117.307, 3.99955
117.37, 4.00352
117.433, 3.99952
117.496, 4.00014
117.558, 3.99642
117.621, 3.99579
117.684, 3.99319
117.747, 4.00049
117.81, 3.99569
117.873, 3.99642
117.935, 3.99789
117.998, 3.99943
118.061, 4.00281
118.124, 4.0031
118.187, 3.99985
118.25, 3.99921
118.312, 3.99651
118.375, 4.00059
118.438, 3.99994
118.501, 4.00184
118.564, 3.9975
118.627, 4.00382
118.689, 3.9975
118.752, 4.00131
118.815, 4.00037
118.878, 4.00866
118.941, 3.9995
119.004, 3.99932
119.066, 4.00008
119.129, 4.00245
119.192, 4.00095
119.255, 3.99866
119.318, 4.00389
119.381, 4.00678
119.443, 4.00009
119.506, 4.00463
119.569, 4.00353
119.632, 4.00092
119.695, 4.0036
119.758, 4.00188
119.82, 3.99815
119.883, 4.00201
119.946, 3.99638
120.009, 4.00062
120.072, 3.9977
120.135, 3.9988
120.197, 4.00191
120.26, 4.00157
120.323, 3.99746
120.386, 4.00004
120.449, 3.99785
120.511, 3.99633
120.574, 3.99809
120.637, 3.99937
120.7, 3.99623
120.763, 3.99836
120.826, 3.99782
120.888, 3.9944
120.951, 3.99619
121.014, 3.9984
121.077, 3.99516
121.14, 4.0009
121.203, 4.00397
121.265, 4.00372
121.328, 3.99878
121.391, 3.99958
121.454, 4.00167
121.517, 3.99786
121.58, 4.00008
121.642, 3.99881
121.705, 4.00242
121.768, 3.99872
121.831, 3.99687
121.894, 3.99338
121.957, 3.99268
122.019, 3.99721
122.082, 3.99546
122.145, 3.99577
122.208, 3.99847
122.271, 3.99715
122.334, 3.99771
122.396, 4.00235
122.459, 3.99723
122.522, 4.00064
122.585, 3.99401
122.648, 3.9946
122.711, 3.9998
122.773, 3.99706
122.836, 3.99821
122.899, 3.99769
122.962, 4.0062
123.025, 3.99801
123.088, 3.99523
123.15, 3.99908
123.213, 3.99897
123.276, 4.00059
123.339, 4.00193
123.402, 4.00164
123.465, 4.00445
123.527, 3.99711
123.59, 4.00044
123.653, 4.00267
123.716, 4.00478
123.779, 4.00139
123.842, 4.00222
123.904, 4.00335
123.967, 4.00504
124.03, 4.0003
124.093, 4.00118
124.156, 4.00026
124.219, 4.00585
124.281, 4.00921
124.344, 3.998
124.407, 3.99999
124.47, 4.00298
124.533, 4.00677
124.596, 4.00502
124.658, 4.00121
124.721, 4.00684
124.784, 4.00123
124.847, 4.00427
124.91, 4.00106
124.973, 4.00108
125.035, 4.00277
125.098, 4.00317
125.161, 4.00079
125.224, 4.00521
125.287, 3.99909
125.35, 3.99739
125.412, 3.99681
125.475, 3.99787
125.538, 3.99961
125.601, 4.00384
125.664, 3.99746
125.727, 4.00242
125.789, 3.99949
125.852, 3.99608
125.915, 3.99903
125.978, 4.00465
126.041, 4.00243
126.104, 3.99825
126.166, 4.00149
126.229, 3.99967
126.292, 3.99968
126.355, 3.99741
126.418, 3.99919
126.481, 3.99695
126.543, 3.99889
126.606, 4.00248
126.669, 4.00556
126.732, 4.00198
126.795, 4.00007
126.858, 4.00035
126.92, 4.00668
126.983, 4.00482
127.046, 4.00078
127.109, 3.99793
127.172, 4.00692
127.235, 3.99953
127.297, 3.99673
127.36, 4.00145
127.423, 3.99862
127.486, 3.99889
127.549, 3.99683
127.611, 4.00061
127.674, 3.99798
127.737, 3.9949
127.8, 3.99727
127.863, 4.00242
127.926, 3.99901
127.988, 4.00106
128.051, 4.0032
128.114, 4.00681
128.177, 4.005
128.24, 4.00264
128.303, 4.0043
128.365, 4.00353
128.428, 3.99967
128.491, 3.99873
128.554, 3.99921
128.617, 4.00137
128.68, 4.00159
128.742, 3.99948
128.805, 4.00027
128.868, 4.00168
128.931, 4.00483
128.994, 4.0007
129.057, 4.00183
129.119, 4.00224
129.182, 3.99804
129.245, 4.00258
129.308, 3.99912
129.371, 4.0014
129.434, 3.99877
129.496, 3.99974
129.559, 3.99849
129.622, 4.00058
129.685, 3.99831
129.748, 3.99564
129.811, 3.99992
129.873, 4.00388
129.936, 3.99783
129.999, 3.99877
130.062, 3.99928
130.125, 3.99936
130.188, 3.99831
130.25, 3.99614
130.313, 3.99836
130.376, 3.99742
130.439, 3.99927
130.502, 4.00648
130.565, 4.00295
130.627, 4.0025
130.69, 4.00623
130.753, 4.00718
130.816, 4.0042
130.879, 4.00303
130.942, 4.00149
131.004, 4.00172
131.067, 4.0008
131.13, 4.00081
131.193, 3.99927
131.256, 3.99726
131.319, 3.99812
131.381, 4.00366
131.444, 4.0012
131.507, 4.00093
131.57, 4.00117
131.633, 4.00048
131.696, 4.00523
131.758, 4.00008
131.821, 4.00004
131.884, 3.99355
131.947, 4.00194
132.01, 3.99972
132.073, 3.99144
132.135, 3.99636
132.198, 3.9995
132.261, 3.99759
132.324, 4.00759
132.387, 4.0032
132.45, 3.99981
132.512, 3.99732
132.575, 4.00263
132.638, 3.99866
132.701, 3.99797
132.764, 4.004
132.827, 4.00261
132.889, 4.00386
132.952, 4.00508
133.015, 4.00759
133.078, 4.00229
133.141, 4.00187
133.204, 4.00217
133.266, 4.00313
133.329, 4.00397
133.392, 4.00311
133.455, 4.00309
133.518, 4.00068
133.581, 4.00403
133.643, 4.006
133.706, 4.00234
133.769, 4.0036
133.832, 4.00743
133.895, 4.0018
133.958, 4.00398
134.02, 4.00614
134.083, 3.99805
134.146, 4.00026
134.209, 3.99834
134.272, 4.00403
134.335, 4.00086
134.397, 4.00213
134.46, 4.00508
134.523, 4.00257
134.586, 4.00316
134.649, 4.00111
134.711, 4.00162
134.774, 4.00195
134.837, 4.00566
134.9, 3.99549
134.963, 4.00437
135.026, 4.00451
135.088, 4.0016
135.151, 3.99969
135.214, 4.00187
135.277, 4.00032
135.34, 4.00065
135.403, 4.00305
135.465, 4.00474
135.528, 4.00261
135.591, 4.00218
135.654, 3.99447
135.717, 3.99792
135.78, 3.99788
135.842, 4.0007
135.905, 3.99501
135.968, 3.99643
136.031, 4.00116
136.094, 3.99739
136.157, 4.00003
136.219, 4.00615
136.282, 4.0036
136.345, 4.00173
136.408, 4.00085
136.471, 4.00037
136.534, 4.00076
136.596, 4.00581
136.659, 4.00212
136.722, 4.0027
136.785, 4.00293
136.848, 4.00457
136.911, 4.00207
136.973, 4.00564
137.036, 4.00771
137.099, 4.00222
137.162, 4.00542
137.225, 4.00645
137.288, 4.00431
137.35, 4.00891
137.413, 4.00484
137.476, 4.00459
137.539, 4.01072
137.602, 4.00392
137.665, 4.00932
137.727, 4.01095
137.79, 4.00416
137.853, 4.00485
137.916, 4.00223
137.979, 4.00018
138.042, 4.00401
138.104, 4.00649
138.167, 4.001
138.23, 4.00439
138.293, 4.00152
138.356, 4.00271
138.419, 3.99912
138.481, 4.00333
138.544, 3.99991
138.607, 4.00265
138.67, 4.00267
138.733, 4.00168
138.796, 4.00227
138.858, 4.00506
138.921, 3.99982
138.984, 3.9982
139.047, 3.99542
139.11, 4.00223
139.173, 3.99889
139.235, 4.00175
139.298, 3.9957
139.361, 4.0021
139.424, 3.9967
139.487, 4.00111
139.55, 3.99673
139.612, 3.99393
139.675, 3.99605
139.738, 3.99604
139.801, 3.99634
139.864, 3.99899
139.927, 4.00022
139.989, 3.99847
140.052, 3.99667
140.115, 4.00163
140.178, 4.00155
140.241, 4.00162
140.304, 3.99938
140.366, 3.99984
140.429, 3.99803
140.492, 4.00037
140.555, 4.00672
140.618, 4.00517
140.681, 3.99973
140.743, 4.00204
140.806, 4.00003
140.869, 4.00215
140.932, 4.00353
140.995, 4.00317
141.058, 4.00999
141.12, 4.00275
141.183, 4.00609
141.246, 4.00243
141.309, 4.0038
141.372, 4.00391
141.435, 4.00342
141.497, 3.99794
141.56, 4.0049
141.623, 4.00392
141.686, 4.00018
141.749, 4.00291
141.811, 4.00332
141.874, 4.00051
141.937, 4.00011
142, 4.00493
142.063, 4.00256
142.126, 4.00074
142.188, 4.00109
142.251, 3.99922
142.314, 4.0038
142.377, 4.00164
142.44, 4.00314
142.503, 4.00079
142.565, 4.0023
142.628, 3.99986
142.691, 3.99903
142.754, 4.00018
142.817, 4.00155
142.88, 4.00507
142.942, 3.99961
143.005, 4.00357
143.068, 3.9987
143.131, 4.00028
143.194, 4.00438
143.257, 4.00793
143.319, 4.00651
143.382, 4.00486
143.445, 4.00276
143.508, 3.99704
143.571, 4.0022
143.634, 4.00163
143.696, 3.99689
143.759, 3.99812
143.822, 3.99692
143.885, 4.00148
143.948, 4.00314
144.011, 4.00181
144.073, 4.00992
144.136, 4.00715
144.199, 3.99994
144.262, 4.00051
144.325, 3.99551
144.388, 3.99988
144.45, 3.99401
144.513, 3.99929
144.576, 4.00017
144.639, 4.00399
144.702, 4.00103
144.765, 4.00016
144.827, 4.00324
144.89, 3.99757
144.953, 3.99689
145.016, 3.99848
145.079, 3.99659
145.142, 3.99668
145.204, 4.00099
145.267, 4.00114
145.33, 3.99843
145.393, 3.99721
145.456, 3.99827
145.519, 3.99445
145.581, 3.99786
145.644, 4.00051
145.707, 4.00046
145.77, 3.99707
145.833, 3.99713
145.896, 3.99662
145.958, 4.00133
146.021, 4.00197
146.084, 3.998
146.147, 3.99688
146.21, 3.99795
146.273, 3.99552
146.335, 3.99871
146.398, 3.99709
146.461, 4.00097
146.524, 3.99794
146.587, 3.99906
146.65, 3.9944
146.712, 4.00063
146.775, 3.99869
146.838, 3.99963
146.901, 4.00413
146.964, 3.99946
147.027, 3.99891
147.089, 3.99866
147.152, 4.00274
147.215, 3.99654
147.278, 3.99939
147.341, 3.99746
147.404, 3.99972
147.466, 3.99908
147.529, 3.99729
147.592, 3.99794
147.655, 4.00009
147.718, 3.9989
147.781, 3.99729
147.843, 4.00326
147.906, 3.99813
147.969, 3.99696
148.032, 4.0016
148.095, 3.99929
148.158, 3.99396
148.22, 3.99539
148.283, 3.99582
148.346, 3.99731
148.409, 3.99784
148.472, 4.00099
148.535, 3.99722
148.597, 3.99928
148.66, 4.00631
148.723, 3.99976
148.786, 3.99983
148.849, 4.00115
148.911, 4.00418
148.974, 3.99726
149.037, 3.99818
149.1, 4.00367
149.163, 3.99829
149.226, 3.99955
149.288, 3.99722
149.351, 4.00086
149.414, 4.00315
149.477, 3.99732
149.54, 3.99911
149.603, 4.00162
149.665, 3.99923
149.728, 3.99946
149.791, 4.00254
149.854, 4.00094
149.917, 3.99925
149.98, 4.00111
150.042, 3.99986
150.105, 4.00378
150.168, 4.00001
150.231, 4.00335
150.294, 4.00325
150.357, 4.0051
150.419, 4.0015
150.482, 3.99811
150.545, 3.99981
150.608, 4.00089
150.671, 4.00091
150.734, 4.00046
150.796, 3.99585
150.859, 3.99931
150.922, 4.00048
150.985, 3.99449
151.048, 3.99861
151.111, 4.00161
151.173, 3.99664
151.236, 4.00264
151.299, 4.00363
151.362, 3.99692
151.425, 3.99762
151.488, 3.99731
151.55, 4.00014
151.613, 4.00226
151.676, 4.0053
151.739, 3.99784
151.802, 4.00065
151.865, 4.00155
151.927, 3.99768
151.99, 3.99736
152.053, 4.00395
152.116, 4.00573
152.179, 4.00462
152.242, 4.00379
152.304, 3.99743
152.367, 4.00023
152.43, 4.00238
152.493, 3.99741
152.556, 4.00046
152.619, 4.00097
152.681, 3.99577
152.744, 3.99241
152.807, 4.00488
152.87, 3.99704
152.933, 3.99549
152.996, 3.99687
153.058, 4.00056
153.121, 4.00001
153.184, 4.00461
153.247, 4.00308
153.31, 4.00302
153.373, 3.99795
153.435, 4.00196
153.498, 4.00348
153.561, 4.00242
153.624, 4.00469
153.687, 3.99984
153.75, 3.99693
153.812, 4.00027
153.875, 3.99852
153.938, 3.99724
154.001, 3.99253
154.064, 3.99518
154.127, 4.00263
154.189, 4.00018
154.252, 4.00164
154.315, 4.00358
154.378, 4.00897
154.441, 4.0008
154.504, 4.0051
154.566, 4.00246
154.629, 4.00117
154.692, 4.00138
154.755, 3.99824
154.818, 4.00269
154.881, 4.00062
154.943, 3.99562
155.006, 4.00323
155.069, 4.00133
155.132, 3.99846
155.195, 4.00528
155.258, 4.00381
155.32, 4.00262
155.383, 4.00159
155.446, 4.00686
155.509, 4.00273
155.572, 4.00391
155.635, 4.0019
155.697, 4.00186
155.76, 4.00288
155.823, 4.00354
155.886, 4.00434
155.949, 4.0028
156.011, 4.00077
156.074, 4.00265
156.137, 4.00189
156.2, 4.00351
156.263, 4.00569
156.326, 3.9994
156.388, 3.99899
156.451, 4.00419
156.514, 4.00522
156.577, 4.00565
156.64, 4.00903
156.703, 4.00773
156.765, 4.00278
156.828, 4.00275
156.891, 4.00294
156.954, 4.00748
157.017, 4.00225
157.08, 4.01182
157.142, 4.00447
157.205, 4.00516
157.268, 4.00238
157.331, 4.00508
157.394, 4.00379
157.457, 4.00298
157.519, 4.00393
157.582, 4.00285
157.645, 4.00394
157.708, 4.0037
157.771, 4.00067
157.834, 4.00408
157.896, 4.00544
157.959, 4.00791
158.022, 4.00509
158.085, 4.01227
158.148, 4.00832
158.211, 4.00562
158.273, 4.00673
158.336, 4.00324
158.399, 3.99932
158.462, 4.00509
158.525, 4.00853
158.588, 4.00543
158.65, 4.00396
158.713, 3.99385
158.776, 4.00308
158.839, 4.00362
158.902, 4.00647
158.965, 4.00555
159.027, 4.00835
159.09, 4.00261
159.153, 4.00538
159.216, 4.00289
159.279, 4.00233
159.342, 4.00154
159.404, 4.00207
159.467, 4.00056
159.53, 4.00386
159.593, 4.00351
159.656, 4.00041
159.719, 4.00097
159.781, 4.00329
159.844, 4.00467
159.907, 4.00686
159.97, 4.00442
160.033, 4.00596
160.096, 4.00914
160.158, 4.00384
160.221, 4.00395
160.284, 4.00245
160.347, 4.00527
160.41, 3.99855
160.473, 4.00372
160.535, 3.99856
160.598, 3.99805
160.661, 4.00197
160.724, 4.00416
160.787, 4.00755
160.85, 4.0046
160.912, 3.99929
160.975, 3.99955
161.038, 3.99915
161.101, 4.00016
161.164, 4.00086
161.227, 3.99397
161.289, 4.004
161.352, 4.00274
161.415, 3.99752
161.478, 4.00066
161.541, 3.99487
161.604, 3.9982
161.666, 4.00372
161.729, 3.99706
161.792, 3.99723
161.855, 3.99825
161.918, 4.00388
161.981, 4.00088
162.043, 4.00163
162.106, 3.9992
162.169, 3.9998
162.232, 3.9973
162.295, 4.00043
162.358, 4.00129
162.42, 4.00183
162.483, 4.00205
162.546, 4.00179
162.609, 3.99802
162.672, 4.00061
162.734, 4.00106
162.797, 4.00235
162.86, 4.00062
162.923, 4.00266
162.986, 4.00302
163.049, 3.99947
163.111, 3.99965
163.174, 4.00639
163.237, 4.00168
163.3, 3.99903
163.363, 4.00054
163.426, 4.00097
163.488, 4.00332
163.551, 3.99849
163.614, 3.99978
163.677, 3.99059
163.74, 3.99965
163.803, 4.00022
163.865, 4.0029
163.928, 4.00338
163.991, 4.00168
164.054, 3.99669
164.117, 4.00042
164.18, 4.00086
164.242, 4.00164
164.305, 4.00069
164.368, 4.00089
164.431, 4.00221
164.494, 3.99723
164.557, 4.0033
164.619, 4.0043
164.682, 4.00152
164.745, 4.00087
164.808, 4.00212
164.871, 4.00107
164.934, 3.99807
164.996, 3.99852
165.059, 3.99892
165.122, 3.99982
165.185, 4.00269
165.248, 3.99843
165.311, 4.00029
165.373, 4.00195
165.436, 4.00013
165.499, 3.99987
165.562, 4.00378
165.625, 4.00109
165.688, 3.99883
165.75, 3.99929
165.813, 4.00093
165.876, 3.99764
165.939, 4.00605
166.002, 4.00243
166.065, 3.99906
166.127, 4.00197
166.19, 4.00418
166.253, 3.99616
166.316, 3.99376
166.379, 3.9965
166.442, 4.00004
166.504, 3.99686
166.567, 3.99622
166.63, 3.99958
166.693, 3.99899
166.756, 3.99643
166.819, 3.99432
166.881, 3.9993
166.944, 4.00131
167.007, 3.99818
167.07, 4.00192
167.133, 3.99844
167.196, 3.99978
167.258, 4.00017
167.321, 3.9933
167.384, 4.00354
167.447, 4.00323
167.51, 3.99841
167.573, 3.99962
167.635, 4.00279
167.698, 4.00246
167.761, 3.99873
167.824, 3.99991
167.887, 3.99403
167.95, 4.00209
168.012, 4.00145
168.075, 4.00157
168.138, 3.99895
168.201, 3.99703
168.264, 3.99964
168.327, 4.00088
168.389, 4.0047
168.452, 3.99859
168.515, 4.00183
168.578, 4.00249
168.641, 3.99988
168.704, 4.00418
168.766, 4.00337
168.829, 4.00356
168.892, 4.00014
168.955, 4.00237
169.018, 4.00156
169.081, 4.00551
169.143, 4.00443
169.206, 4.00724
169.269, 3.99475
169.332, 3.99762
169.395, 4.00271
169.458, 4.00333
169.52, 4.00164
169.583, 4.00307
169.646, 4.00051
169.709, 4.00044
169.772, 4.00019
169.834, 3.99987
169.897, 4.00753
169.96, 4.00914
170.023, 4.00678
170.086, 4.00613
170.149, 4.0052
170.211, 4.00051
170.274, 4.00608
170.337, 4.00449
170.4, 3.99964
170.463, 4.00206
170.526, 4.00796
170.588, 4.0035
170.651, 4.00144
170.714, 3.99958
170.777, 4.00473
170.84, 4.00722
170.903, 4.00702
170.965, 4.00368
171.028, 4.00237
171.091, 4.00254
171.154, 4.00238
171.217, 4.00328
171.28, 4.0019
171.342, 4.00285
171.405, 4.00556
171.468, 4.00552
171.531, 4.00772
171.594, 4.00552
171.657, 4.0049
171.719, 4
171.782, 4.00286
171.845, 4.00251
171.908, 4.00241
171.971, 4.00043
172.034, 3.99845
172.096, 3.99739
172.159, 4.00035
172.222, 3.99933
172.285, 4.00031
172.348, 3.99724
172.411, 3.99915
172.473, 4.00049
172.536, 3.99963
172.599, 4.00286
172.662, 4.0065
172.725, 4.00756
172.788, 4.00537
172.85, 3.99952
172.913, 4.00464
172.976, 4.00759
173.039, 4.00296
173.102, 4.00093
173.165, 4.00455
173.227, 4.00889
173.29, 4.00976
173.353, 4.00551
173.416, 4.00839
173.479, 4.00373
173.542, 4.00161
173.604, 3.99943
173.667, 3.99663
173.73, 4.00229
173.793, 4.00427
173.856, 4.001
173.919, 4.00714
173.981, 4.00565
174.044, 4.00171
174.107, 4.00134
174.17, 4.00737
174.233, 3.99943
174.296, 3.99834
174.358, 3.99854
174.421, 4.00356
174.484, 4.00264
174.547, 4.0046
174.61, 4.00288
174.673, 3.99836
174.735, 4.00136
174.798, 4.00147
174.861, 4.00587
174.924, 4.00132
174.987, 4.00281
175.05, 3.99987
175.112, 4.00192
175.175, 4.00255
175.238, 4.0017
175.301, 4.00601
175.364, 4.00145
175.427, 4.00154
175.489, 3.99882
175.552, 4.00277
175.615, 4.00476
175.678, 4.00628
175.741, 4.00729
175.804, 4.00583
175.866, 4.00342
175.929, 4.00896
175.992, 4.00232
176.055, 4.00258
176.118, 4.00031
176.181, 4.00837
176.243, 4.0049
176.306, 4.0067
176.369, 4.00456
176.432, 4.00803
176.495, 4.00658
176.558, 4.00606
176.62, 4.00545
176.683, 4.00894
176.746, 4.0046
176.809, 4.01089
176.872, 4.00788
176.934, 4.00383
176.997, 4.00376
177.06, 4.00479
177.123, 4.00235
177.186, 4.00938
177.249, 4.00468
177.311, 3.99933
177.374, 4.00407
177.437, 4.0068
177.5, 4.00764
177.563, 4.00948
177.626, 4.00287
177.688, 4.00333
177.751, 4.00442
177.814, 3.99942
177.877, 4.00047
177.94, 4.001
178.003, 4.00598
178.065, 4.00338
178.128, 4.00491
178.191, 3.99888
178.254, 3.997
178.317, 3.99886
178.38, 4.00366
178.442, 3.99839
178.505, 4.00275
178.568, 4.00289
178.631, 3.99925
178.694, 4.00057
178.757, 3.99942
178.819, 4.00427
178.882, 3.9983
178.945, 4.00256
179.008, 4.00594
179.071, 4.00587
179.134, 4.00223
179.196, 4.00032
179.259, 4.00068
179.322, 3.99993
179.385, 3.99882
179.448, 4.00204
179.511, 3.9991
179.573, 3.99987
179.636, 4.00162
179.699, 4.00176
179.762, 4.00606
179.825, 4.00349
179.888, 4.00275
179.95, 3.99934
180.013, 4.00245
180.076, 4.00001
180.139, 4.00015
180.202, 3.99915
180.265, 4.01025
180.327, 4.00495
180.39, 4.00336
180.453, 4.00312
180.516, 4.0021
180.579, 3.99809
180.642, 3.99962
180.704, 4.00254
180.767, 4.00025
180.83, 4.00053
180.893, 3.99795
180.956, 3.99946
181.019, 3.9994
181.081, 3.99595
181.144, 4.00256
181.207, 4.00068
181.27, 3.99992
181.333, 3.99821
181.396, 4.00188
181.458, 3.9981
181.521, 3.99367
181.584, 3.99479
181.647, 4.00112
181.71, 3.99955
181.773, 3.99543
181.835, 3.99654
181.898, 3.99675
181.961, 3.99989
182.024, 3.99878
182.087, 4.00149
182.15, 3.99699
182.212, 3.9972
182.275, 3.99267
182.338, 3.99791
182.401, 3.99841
182.464, 3.99804
182.527, 3.99365
182.589, 3.9974
182.652, 4.00229
182.715, 3.99403
182.778, 3.99773
182.841, 3.99688
182.904, 3.99944
182.966, 3.99767
183.029, 3.99995
183.092, 3.99995
183.155, 3.99911
183.218, 3.99567
183.281, 3.99555
183.343, 3.99916
183.406, 4.00388
183.469, 3.99864
183.532, 4.00036
183.595, 3.99825
183.658, 4.00106
183.72, 4.00075
183.783, 3.99583
183.846, 3.99875
183.909, 3.99604
183.972, 3.99815
184.034, 3.99448
184.097, 3.9966
184.16, 4.00395
184.223, 4.00241
184.286, 3.99766
184.349, 3.99536
184.411, 3.99723
184.474, 3.99271
184.537, 3.99883
184.6, 3.99873
184.663, 4.00135
184.726, 3.99973
184.788, 4.00017
184.851, 4.00616
184.914, 4.00112
184.977, 3.9993
185.04, 3.99826
185.103, 3.99625
185.165, 3.9938
185.228, 3.99698
185.291, 3.99717
185.354, 3.99891
185.417, 4.00058
185.48, 3.9969
185.542, 3.98997
185.605, 3.99624
185.668, 3.9974
185.731, 4.00113
185.794, 3.99762
185.857, 4.00042
185.919, 4.00043
185.982, 3.99811
186.045, 4.00046
186.108, 4.00148
186.171, 4.00222
186.234, 4
186.296, 3.99889
186.359, 3.99837
186.422, 4.00156
186.485, 4.00328
186.548, 3.99634
186.611, 4.00234
186.673, 4.00342
186.736, 4.00012
186.799, 4.0025
186.862, 3.99925
186.925, 3.99756
186.988, 3.99494
187.05, 3.99336
187.113, 3.99804
187.176, 3.99153
187.239, 4.00202
187.302, 3.99769
187.365, 3.99788
187.427, 3.99506
187.49, 3.99894
187.553, 4.00022
187.616, 3.99779
187.679, 4.00014
187.742, 3.99365
187.804, 3.99431
187.867, 3.99634
187.93, 3.9916
187.993, 3.9951
188.056, 3.99523
188.119, 4.00116
188.181, 3.99908
188.244, 4.00204
188.307, 4.00141
188.37, 4.00055
188.433, 3.99879
188.496, 3.99852
188.558, 3.99832
188.621, 3.99576
188.684, 3.99265
188.747, 3.99219
188.81, 3.99808
188.873, 3.99452
188.935, 4.0005
188.998, 4.00026
189.061, 3.99831
189.124, 4.00157
189.187, 3.99532
189.25, 3.99321
189.312, 3.9971
189.375, 3.99781
189.438, 4.00092
189.501, 4.00067
189.564, 4.00169
189.627, 3.99591
189.689, 3.9989
189.752, 3.99855
189.815, 3.9981
189.878, 3.99443
189.941, 3.99458
190.004, 3.9971
190.066, 3.99483
190.129, 3.99414
190.192, 3.99452
190.255, 3.99617
190.318, 3.99415
190.381, 3.99605
190.443, 3.99768
190.506, 4.00132
190.569, 3.99746
190.632, 3.99965
190.695, 3.99485
190.758, 3.99757
190.82, 3.99672
190.883, 3.99353
190.946, 3.99431
191.009, 3.98947
191.072, 3.9923
191.134, 3.99111
191.197, 3.99183
191.26, 3.99826
191.323, 3.99636
191.386, 3.9945
191.449, 3.99535
191.511, 3.99521
191.574, 3.99679
191.637, 3.99063
191.7, 3.99452
191.763, 3.99607
191.826, 4.00212
191.888, 3.99519
191.951, 3.99706
192.014, 3.99821
192.077, 3.99873
192.14, 3.99843
192.203, 3.99904
192.265, 3.99931
192.328, 4.00061
192.391, 4.00364
192.454, 4.00012
192.517, 3.99749
192.58, 3.99797
192.642, 3.99715
192.705, 3.99857
192.768, 3.99716
192.831, 3.99883
192.894, 3.99632
192.957, 4.00125
193.019, 3.99993
193.082, 4.00099
193.145, 3.99632
193.208, 3.99448
193.271, 3.99882
193.334, 4.00257
193.396, 3.9988
193.459, 4.00256
193.522, 4.00534
193.585, 4.00108
193.648, 4.00299
193.711, 3.99833
193.773, 4.00276
193.836, 3.9971
193.899, 3.9956
193.962, 3.99956
194.025, 3.99761
194.088, 3.99829
194.15, 4.00213
194.213, 4.00142
194.276, 4.00579
194.339, 3.99887
194.402, 4.00155
194.465, 4.00125
194.527, 3.99785
194.59, 3.99911
194.653, 4.00065
194.716, 3.99943
194.779, 3.99923
194.842, 3.99936
194.904, 3.99756
194.967, 3.99564
195.03, 3.99822
195.093, 3.99296
195.156, 3.99632
195.219, 3.99613
195.281, 3.99802
195.344, 3.99985
195.407, 3.99516
195.47, 3.99544
195.533, 3.99582
195.596, 3.99649
195.658, 3.99794
195.721, 3.99816
195.784, 3.99681
195.847, 3.99659
195.91, 4.00081
195.973, 3.99896
196.035, 3.99985
196.098, 4.00286
196.161, 4.00254
196.224, 4.00048
196.287, 3.99837
196.35, 3.99467
196.412, 3.99837
196.475, 4.0001
196.538, 3.99891
196.601, 4.00085
196.664, 4.00263
196.727, 4.00031
196.789, 3.99736
196.852, 3.99737
196.915, 4.00169
196.978, 3.99945
197.041, 3.99729
197.104, 4.001
197.166, 4.00457
197.229, 3.99772
197.292, 3.99848
197.355, 3.99706
197.418, 4.0001
197.481, 3.99898
197.543, 4.00397
197.606, 4.00161
197.669, 4.00255
197.732, 3.99823
197.795, 4.00091
197.858, 3.99516
197.92, 4.00286
197.983, 3.99782
198.046, 4.002
198.109, 3.99956
198.172, 4.0016
198.234, 4.00243
198.297, 4.00208
198.36, 4.0037
198.423, 4.00156
198.486, 4.003
198.549, 4.00086
198.611, 4.00539
198.674, 4.00324
198.737, 3.99717
198.8, 3.99812
198.863, 3.9974
198.926, 3.99962
198.988, 3.99749
199.051, 4.00029
199.114, 3.99797
199.177, 3.9992
199.24, 4.00433
199.303, 4.00233
199.365, 4.00053
199.428, 3.9951
199.491, 3.99632
199.554, 3.9963
199.617, 4.00063
199.68, 3.99515
199.742, 3.99946
199.805, 3.99493
199.868, 4.00051
199.931, 3.99676
199.994, 3.99652
200.057, 3.9956
200.119, 3.9974
200.182, 3.99321
200.245, 3.99538
200.308, 3.99847
200.371, 3.99786
200.434, 3.99532
200.496, 3.99378
200.559, 3.9993
200.622, 3.99871
200.685, 4.00219
200.748, 3.99769
200.811, 3.99512
200.873, 3.99648
200.936, 3.99487
200.999, 4.0018
201.062, 4.00268
201.125, 3.99598
201.188, 3.99691
201.25, 3.99821
201.313, 3.99581
201.376, 3.9977
201.439, 3.9963
201.502, 3.99159
201.565, 3.99508
201.627, 3.99371
201.69, 3.98994
201.753, 3.99705
201.816, 4.00177
201.879, 3.99463
201.942, 4.00149
202.004, 3.99453
202.067, 3.99934
202.13, 3.9925
202.193, 3.99763
202.256, 3.99974
202.319, 4.00459
202.381, 4.00292
202.444, 3.99986
202.507, 3.9967
202.57, 3.99749
202.633, 3.99822
202.696, 3.99787
202.758, 3.99549
202.821, 3.99768
202.884, 3.99731
202.947, 3.99519
203.01, 3.98908
203.073, 3.995
203.135, 3.99355
203.198, 4.00215
203.261, 3.99388
203.324, 3.99464
203.387, 3.997
203.45, 3.99596
203.512, 3.99365
203.575, 3.99851
203.638, 3.99637
203.701, 3.99649
203.764, 3.99844
203.827, 4.00008
203.889, 3.9959
203.952, 3.99502
204.015, 3.99237
204.078, 3.99317
204.141, 3.99455
204.204, 3.99482
204.266, 3.99592
204.329, 3.99576
204.392, 3.99536
204.455, 3.99661
204.518, 3.99968
204.581, 3.99832
204.643, 4.00056
204.706, 3.99655
204.769, 4.00043
204.832, 4.00078
204.895, 4.0034
204.958, 3.99981
205.02, 3.99647
205.083, 3.99716
205.146, 4.00551
205.209, 4.00353
205.272, 4.00177
205.334, 3.99985
205.397, 4.00564
205.46, 4.00526
205.523, 4.00023
205.586, 4.00137
205.649, 4.0021
205.711, 3.99794
205.774, 3.99972
205.837, 4.00237
205.9, 4.00059
205.963, 4.00138
206.026, 4.00107
206.088, 4.0005
206.151, 4.00098
206.214, 3.99689
206.277, 4.00631
206.34, 4.00262
206.403, 3.99791
206.465, 3.99808
206.528, 4.00197
206.591, 3.99855
206.654, 4.00157
206.717, 3.99987
206.78, 4.00223
206.842, 4.00085
206.905, 4.0012
206.968, 4.00669
207.031, 4.00069
207.094, 3.99874
207.157, 4.00149
207.219, 3.99961
207.282, 4.0022
207.345, 3.99966
207.408, 4.00179
207.471, 4.00083
207.534, 3.99696
207.596, 3.99853
207.659, 4.00347
207.722, 3.9988
207.785, 4.00328
207.848, 4.00369
207.911, 3.99668
207.973, 3.99841
208.036, 4.00124
208.099, 3.99516
208.162, 4.00375
208.225, 3.99546
208.288, 3.99431
208.35, 3.99734
208.413, 4.00143
208.476, 4.00365
208.539, 3.99791
208.602, 4.00096
208.665, 3.99378
208.727, 3.99869
208.79, 4.00354
208.853, 4.00062
208.916, 4.00309
208.979, 4.00071
209.042, 3.99787
209.104, 4.00259
209.167, 4.0013
209.23, 4.00013
209.293, 3.99863
209.356, 4.00163
209.419, 3.99493
209.481, 3.99612
209.544, 3.99571
209.607, 3.99945
209.67, 4.00292
209.733, 3.99829
209.796, 4.00175
209.858, 3.99863
209.921, 3.99703
209.984, 4.00222
210.047, 4.00226
210.11, 3.99947
210.173, 4.00303
210.235, 4.00208
210.298, 4.00682
210.361, 4.00341
210.424, 4.00017
210.487, 4.00104
210.55, 3.99771
210.612, 3.99567
210.675, 3.99975
210.738, 4.00989
210.801, 4.00201
210.864, 4.00194
210.927, 3.99809
210.989, 3.99938
211.052, 4.00139
211.115, 4.00187
211.178, 4.00017
211.241, 3.99957
211.304, 3.99652
211.366, 4.00289
211.429, 4.0046
211.492, 4.00468
211.555, 4.00212
211.618, 4.00373
211.681, 4.0055
211.743, 4.00348
211.806, 4.00672
211.869, 4.00547
211.932, 4.00412
211.995, 3.99894
212.058, 4.00122
212.12, 3.99867
212.183, 4.00529
212.246, 4.00107
212.309, 4.00144
212.372, 3.99835
212.434, 4.00305
212.497, 4.00041
212.56, 4.0062
212.623, 4.00299
212.686, 3.99868
212.749, 4.00535
212.811, 3.99941
212.874, 3.99294
212.937, 3.99968
213, 3.99755
213.063, 3.99889
213.126, 3.99749
213.188, 3.99861
213.251, 3.99568
213.314, 3.9989
213.377, 4.00063
213.44, 3.99854
213.503, 4.00241
213.565, 3.99986
213.628, 4.00074
213.691, 4.00056
213.754, 4.00352
213.817, 3.99755
213.88, 3.99497
213.942, 3.99969
214.005, 3.99958
214.068, 4.00352
214.131, 3.99751
214.194, 3.99914
214.257, 4.00645
214.319, 4.00339
214.382, 3.9993
214.445, 4.00238
214.508, 4.00154
214.571, 4.00071
214.634, 3.99959
214.696, 4.00013
214.759, 3.99652
214.822, 3.99901
214.885, 3.99899
214.948, 4.00795
215.011, 4.00219
215.073, 3.99882
215.136, 4.00092
215.199, 4.00349
215.262, 4.00407
215.325, 3.99943
215.388, 4.00134
215.45, 4.00336
215.513, 4.00045
215.576, 4.00388
215.639, 4.00206
215.702, 4.00096
215.765, 4.00216
215.827, 4.00318
215.89, 3.99644
215.953, 3.99593
216.016, 4.00117
216.079, 3.99693
216.142, 4.00614
216.204, 4.00147
216.267, 4.00106
216.33, 4.00074
216.393, 4.00086
216.456, 3.99786
216.519, 4.00364
216.581, 4.00883
216.644, 4.00567
216.707, 4.00396
216.77, 4.00286
216.833, 4.00215
216.896, 4.00099
216.958, 4.00721
217.021, 4.00313
217.084, 3.99922
217.147, 4.00189
217.21, 4.0087
217.273, 4.00986
217.335, 3.99846
217.398, 3.99641
217.461, 3.9978
217.524, 4.00371
217.587, 4.00467
217.65, 4.00563
217.712, 4.0041
217.775, 4.00507
217.838, 4.00081
217.901, 3.99558
217.964, 3.99653
218.027, 4.00126
218.089, 3.99759
218.152, 4.00112
218.215, 3.99723
218.278, 4.00423
218.341, 4.00356
218.404, 4.00778
218.466, 4.009
218.529, 4.00411
218.592, 4.00305
218.655, 4.00349
218.718, 3.99963
218.781, 4.00343
218.843, 3.99996
218.906, 4.00317
218.969, 4.00062
219.032, 4.00462
219.095, 4.00108
219.158, 4.00371
219.22, 3.99969
219.283, 3.9983
219.346, 4.00304
219.409, 4.00295
219.472, 4.00386
219.534, 4.00272
219.597, 4.00111
219.66, 4.00037
219.723, 4.00246
219.786, 4.00865
219.849, 4.00036
219.911, 4.00681
219.974, 4.00066
220.037, 4.00348
220.1, 4.0056
220.163, 4.00683
220.226, 4.00531
220.288, 4.00372
220.351, 4.00446
220.414, 4.00564
220.477, 4.0064
220.54, 4.00379
220.603, 4.00496
220.665, 4.00336
220.728, 4.00635
220.791, 4.00441
220.854, 4.00928
220.917, 4.00721
220.98, 4.01033
221.042, 4.00505
221.105, 4.00065
221.168, 4.00521
221.231, 4.00439
221.294, 4.0077
221.357, 4.00891
221.419, 4.00585
221.482, 4.00652
221.545, 4.00549
221.608, 4.00303
221.671, 4.00426
221.734, 4.00734
221.796, 4.01027
221.859, 4.0075
221.922, 4.00616
221.985, 4.00559
222.048, 4.00382
222.111, 4.0032
222.173, 4.00329
222.236, 4.00496
222.299, 4.00705
222.362, 4.00205
222.425, 4.00697
222.488, 4.00616
222.55, 4.00237
222.613, 4.00464
222.676, 4.0071
222.739, 4.00792
222.802, 4.00708
222.865, 4.01111
222.927, 4.00388
222.99, 4.00746
223.053, 4.00733
223.116, 4.00977
223.179, 4.00711
223.242, 4.00151
223.304, 4.00612
223.367, 4.00203
223.43, 4.00297
223.493, 4.00163
223.556, 4.00503
223.619, 4.00106
223.681, 4.00038
223.744, 4.00099
223.807, 3.9999
223.87, 4.00321
223.933, 4.00433
223.996, 4.00824
224.058, 4.0034
224.121, 4.00307
224.184, 4.0051
224.247, 3.9979
224.31, 4.00021
224.373, 4.00402
224.435, 4.00423
224.498, 4.00039
224.561, 4.00602
224.624, 4.00437
224.687, 4.00385
224.75, 4.00976
224.812, 4.00452
224.875, 3.99573
224.938, 4.00156
225.001, 4.00394
225.064, 4.00416
225.127, 4.00275
225.189, 4.00103
225.252, 4.00234
225.315, 4.00583
225.378, 4.00483
225.441, 4.00185
225.504, 3.99836
225.566, 4.0018
225.629, 4.00491
225.692, 3.99818
225.755, 4.00002
225.818, 3.99291
225.881, 3.99832
225.943, 4.00097
226.006, 3.99506
226.069, 3.99753
226.132, 4.00554
226.195, 4.00254
226.258, 4.00029
226.32, 3.99573
226.383, 3.99811
226.446, 3.99786
226.509, 4.00248
226.572, 4.00296
226.634, 4.00066
226.697, 3.99761
226.76, 3.99378
226.823, 4.00344
226.886, 3.99982
226.949, 3.99449
227.011, 3.9943
227.074, 4.00063
227.137, 3.99681
227.2, 3.99924
227.263, 3.99568
227.326, 3.99442
227.388, 3.99541
227.451, 3.99995
227.514, 3.99757
227.577, 4.00302
227.64, 4.00786
227.703, 3.99514
227.765, 3.99722
227.828, 4.00071
227.891, 3.99435
227.954, 4.00001
228.017, 4.00522
228.08, 4.00163
228.142, 4.00396
228.205, 3.99904
228.268, 4.00696
228.331, 4.00018
228.394, 4.00324
228.457, 3.99636
228.519, 3.99953
228.582, 3.99776
228.645, 4.0002
228.708, 3.99826
228.771, 4.00579
228.834, 4.00289
228.896, 3.99784
228.959, 3.99791
229.022, 4.00466
229.085, 4.00311
229.148, 4.00323
229.211, 3.99732
229.273, 4.00166
229.336, 3.99678
229.399, 3.99949
229.462, 3.99656
229.525, 4.0027
229.588, 4.00186
229.65, 4.00584
229.713, 3.99928
229.776, 4.00022
229.839, 4.00145
229.902, 4.00172
229.965, 4.00341
230.027, 3.99937
230.09, 3.99696
230.153, 4.00122
230.216, 3.99901
230.279, 3.99756
230.342, 3.9947
230.404, 3.99838
230.467, 4.00022
230.53, 4.00161
230.593, 3.99911
230.656, 3.99472
230.719, 3.99627
230.781, 3.9983
230.844, 4.00115
230.907, 4.00314
230.97, 4.00227
231.033, 4.00114
231.096, 4.00221
231.158, 4.00249
231.221, 3.99822
231.284, 3.99879
231.347, 3.99968
231.41, 4.00111
231.473, 4.0022
231.535, 4.00034
231.598, 4.0006
231.661, 3.99744
231.724, 3.99742
231.787, 3.99806
231.85, 4.00091
231.912, 4.00166
231.975, 3.99942
232.038, 4.00191
232.101, 3.99775
232.164, 3.99771
232.227, 3.99746
232.289, 3.99733
232.352, 4.00192
232.415, 4.00391
232.478, 4.00063
232.541, 4.00127
232.604, 4.00272
232.666, 4.00205
232.729, 3.99983
232.792, 4.00385
232.855, 3.9985
232.918, 3.99718
232.981, 4.00026
233.043, 3.99966
233.106, 4.00489
233.169, 4.0036
233.232, 4.00027
233.295, 4.00342
233.358, 4.00824
233.42, 4.00351
233.483, 4.00176
233.546, 3.99776
233.609, 3.99932
233.672, 4.0027
233.734, 3.99957
233.797, 4.00041
233.86, 4.0021
233.923, 4.004
233.986, 4.00111
234.049, 3.99928
234.111, 4.00218
234.174, 3.99905
234.237, 3.99766
234.3, 3.99908
234.363, 3.99673
234.426, 3.99437
234.488, 4.00336
234.551, 3.9957
234.614, 3.99541
234.677, 3.99887
234.74, 3.99933
234.803, 4.00039
234.865, 4.00497
234.928, 4.00072
234.991, 3.99912
235.054, 3.99469
235.117, 4.00093
235.18, 4.00153
235.242, 3.99603
235.305, 4.00255
235.368, 3.99804
235.431, 3.99994
235.494, 4.00227
235.557, 3.99509
235.619, 3.99818
235.682, 4.00093
235.745, 3.99706
235.808, 3.99741
235.871, 4.00416
235.934, 3.99744
235.996, 4.00178
236.059, 4.00004
236.122, 3.99924
236.185, 3.99736
236.248, 4.00044
236.311, 3.99604
236.373, 4.00033
236.436, 3.99702
236.499, 3.99268
236.562, 3.99891
236.625, 3.9925
236.688, 3.99545
236.75, 3.99598
236.813, 3.99634
236.876, 3.99746
236.939, 3.99952
237.002, 3.99535
237.065, 3.99793
237.127, 3.99612
237.19, 3.99679
237.253, 3.99729
237.316, 3.99725
237.379, 3.99931
237.442, 3.99696
237.504, 4.00215
237.567, 4.00095
237.63, 4.00006
237.693, 3.99566
237.756, 3.9958
237.819, 3.99732
237.881, 4.00415
237.944, 4.00034
238.007, 4.00533
238.07, 3.99933
238.133, 3.99749
238.196, 4.00122
238.258, 3.99909
238.321, 4.00223
238.384, 4.00184
238.447, 3.99796
238.51, 4.00179
238.573, 4.00493
238.635, 4.00204
238.698, 3.99871
238.761, 3.99871
238.824, 4.00013
238.887, 3.99748
238.95, 3.99506
239.012, 4.00063
239.075, 3.99635
239.138, 4.00353
239.201, 3.9982
239.264, 3.99653
239.327, 3.99759
239.389, 3.99784
239.452, 3.99848
239.515, 4.00017
239.578, 3.9975
239.641, 3.99852
239.704, 3.99637
239.766, 3.99733
239.829, 3.99966
239.892, 3.99843
239.955, 4.00015
240.018, 4.00198
240.081, 3.99999
240.143, 3.99884
240.206, 3.99856
240.269, 3.99913
240.332, 4.00343
240.395, 4.00011
240.458, 4.00242
240.52, 3.99955
240.583, 3.99899
240.646, 4.00111
240.709, 3.99304
240.772, 3.99862
240.834, 3.99705
240.897, 3.99509
240.96, 3.99325
241.023, 3.99624
241.086, 3.99816
241.149, 4.00253
241.211, 3.99684
241.274, 4.00218
241.337, 3.99413
241.4, 3.99869
241.463, 3.99669
241.526, 3.99652
241.588, 4.00152
241.651, 4.00194
241.714, 4.00261
241.777, 3.99989
241.84, 4.00249
241.903, 3.99895
241.965, 3.99856
242.028, 4.00092
242.091, 4.00417
242.154, 4.00163
242.217, 3.9997
242.28, 3.99662
242.342, 4.00244
242.405, 4.00463
242.468, 3.99658
242.531, 4.01133
242.594, 4.00363
242.657, 4.00099
242.719, 4.00308
242.782, 4.00427
242.845, 3.99963
242.908, 4.00159
242.971, 3.99986
243.034, 3.99722
243.096, 3.99929
243.159, 4.00191
243.222, 3.99653
243.285, 3.99869
243.348, 4.00351
243.411, 3.99837
243.473, 3.99691
243.536, 4.00217
243.599, 3.99797
243.662, 3.9966
243.725, 3.999
243.788, 3.99425
243.85, 3.99478
243.913, 3.99564
243.976, 3.99718
244.039, 3.99888
244.102, 4.00132
244.165, 3.99877
244.227, 3.99518
244.29, 3.99911
244.353, 3.99609
244.416, 3.99553
244.479, 3.99807
244.542, 3.99785
244.604, 3.99309
244.667, 3.99554
244.73, 3.99696
244.793, 3.99945
244.856, 3.99663
244.919, 4.00006
244.981, 3.99765
245.044, 3.99768
245.107, 3.99401
245.17, 4.00464
245.233, 4.00133
245.296, 3.99781
245.358, 3.99843
245.421, 4.00126
245.484, 4.005
245.547, 4.00319
245.61, 4.00797
245.673, 4.00217
245.735, 4.00187
245.798, 4.00144
245.861, 4.00219
245.924, 4.00088
245.987, 3.99819
246.05, 4.0024
246.112, 4.00456
246.175, 4.00071
246.238, 4.0105
246.301, 4.00118
246.364, 4.00059
246.427, 3.9985
246.489, 4.00007
246.552, 4.00366
246.615, 4.00261
246.678, 4.0005
246.741, 4.0079
246.804, 4.00258
246.866, 4.00591
246.929, 4.00517
246.992, 3.9973
247.055, 3.99936
247.118, 4.00021
247.181, 4.00086
247.243, 4.00032
247.306, 4.0044
247.369, 4.00103
247.432, 4.00385
247.495, 4.0016
247.558, 4.00177
247.62, 4.00268
247.683, 3.99963
247.746, 4.00022
247.809, 4.00155
247.872, 4.00295
247.934, 4.001
247.997, 3.99837
248.06, 3.99551
248.123, 4.00378
248.186, 3.99705
248.249, 4.00713
248.311, 4.00337
248.374, 4.00192
248.437, 4.00723
248.5, 4.0011
248.563, 4.00003
248.626, 4.0026
248.688, 4.00287
248.751, 4.00226
248.814, 4.0018
248.877, 3.9987
248.94, 4.0044
249.003, 4.002
249.065, 4.00084
249.128, 4.00104
249.191, 3.99924
249.254, 4.00211
249.317, 4.00016
249.38, 4.0013
249.442, 4.00445
249.505, 3.99851
249.568, 4.00349
249.631, 4.00562
249.694, 3.99996
249.757, 4.00257
249.819, 3.9976
249.882, 4.00226
249.945, 4.00426
250.008, 4.00207
250.071, 4.00124
250.134, 4.0014
250.196, 4.0026
250.259, 4.00285
250.322, 4.00347
250.385, 4.00236
250.448, 4.00029
250.511, 3.99878
250.573, 3.99911
250.636, 3.99565
250.699, 3.99995
250.762, 4.0031
250.825, 4.00562
250.888, 4.00627
250.95, 4.00641
251.013, 4.00426
251.076, 4.00741
251.139, 4.00009
251.202, 4.00102
251.265, 4.00221
251.327, 4.00221
251.39, 3.99829
251.453, 4.00355
251.516, 4.00195
251.579, 4.00235
251.642, 4.00079
251.704, 3.99938
251.767, 4.00478
251.83, 4.00069
251.893, 3.99808
251.956, 4.00368
252.019, 4.00531
252.081, 4.00654
252.144, 4.00469
252.207, 4.00415
252.27, 4.00092
252.333, 4.0033
252.396, 3.99978
252.458, 3.99988
252.521, 4.00397
252.584, 4.00928
252.647, 4.00259
252.71, 4.00152
252.773, 4.00247
252.835, 3.99799
252.898, 3.99971
252.961, 3.99785
253.024, 4.00862
253.087, 4.0045
253.15, 4.00218
253.212, 4.0028
253.275, 4.0047
253.338, 4.00285
253.401, 3.99908
253.464, 4.00409
253.527, 4.00314
253.589, 4.00161
253.652, 4.0006
253.715, 4.00138
253.778, 3.99775
253.841, 4.0006
253.904, 4.00009
253.966, 4.00199
254.029, 4.00315
254.092, 3.99589
254.155, 4.00149
254.218, 4.00379
254.281, 4.00207
254.343, 4.00213
254.406, 4.00161
254.469, 4.00524
254.532, 4.00236
254.595, 4.00402
254.658, 4.00164
254.72, 4.00506
254.783, 4.00227
254.846, 4.00041
254.909, 4.0001
254.972, 4.00718
255.034, 4.00116
255.097, 4.00217
255.16, 3.99759
255.223, 4.00352
255.286, 4.00197
255.349, 3.99893
255.411, 4.0038
255.474, 3.99957
255.537, 4.00524
255.6, 4.00019
255.663, 3.99468
255.726, 4.00311
255.788, 4.00203
255.851, 3.99795
255.914, 4.00181
255.977, 3.99681
256.04, 4.0018
256.103, 3.99956
256.165, 4.00184
256.228, 3.9938
256.291, 4.00292
256.354, 4.00021
256.417, 3.99621
256.48, 3.99734
256.542, 3.99931
256.605, 3.99972
256.668, 3.99527
256.731, 3.99651
256.794, 4.00017
256.857, 3.99715
256.919, 3.99525
256.982, 3.99481
257.045, 3.99868
257.108, 3.99896
257.171, 3.99679
257.234, 3.99574
257.296, 3.99959
257.359, 3.99681
257.422, 3.99963
257.485, 4.00235
257.548, 3.99944
257.611, 3.99914
257.673, 3.99812
257.736, 3.99807
257.799, 3.99893
257.862, 3.99684
257.925, 3.99872
257.988, 4.00157
258.05, 4.00221
258.113, 3.99917
258.176, 3.99614
258.239, 4.00144
258.302, 3.99908
258.365, 3.99993
258.427, 3.99736
258.49, 3.99943
258.553, 3.99857
258.616, 3.99625
258.679, 3.99952
258.742, 3.99749
258.804, 4.00079
258.867, 4.00231
258.93, 3.99947
258.993, 4.00152
259.056, 3.99832
259.119, 3.99914
259.181, 4.00194
259.244, 3.99915
259.307, 4.00166
259.37, 4.00186
259.433, 3.99805
259.496, 3.99533
259.558, 3.99549
259.621, 3.99533
259.684, 3.99566
259.747, 3.99592
259.81, 3.99904
259.873, 3.99614
259.935, 3.99639
259.998, 3.99452
260.061, 3.99826
260.124, 3.99536
260.187, 3.99746
260.25, 3.99598
260.312, 3.99388
260.375, 3.9958
260.438, 3.99453
260.501, 3.9986
260.564, 3.99309
260.627, 3.99882
260.689, 3.99254
260.752, 3.99708
260.815, 3.99439
260.878, 3.99802
260.941, 3.99418
261.004, 3.99749
261.066, 4.00131
261.129, 3.99873
261.192, 3.9997
261.255, 3.99761
261.318, 3.99794
261.381, 3.99628
261.443, 3.99778
261.506, 3.99981
261.569, 3.999
261.632, 3.99897
261.695, 3.9998
261.757, 3.99858
261.82, 3.99885
261.883, 3.99496
261.946, 3.9929
262.009, 3.99822
262.072, 3.99986
262.134, 4.00347
262.197, 3.99967
262.26, 4.00363
262.323, 3.99557
262.386, 3.99817
262.449, 3.99713
262.511, 3.99519
262.574, 3.99716
262.637, 3.99998
262.7, 4.00084
262.763, 4.00153
262.826, 3.99863
262.888, 4.00043
262.951, 3.99978
263.014, 4.00035
263.077, 4.00203
263.14, 4.00033
263.203, 4.00696
263.265, 4.00648
263.328, 4.00566
263.391, 4.00397
263.454, 3.99985
263.517, 3.99361
263.58, 3.99926
263.642, 4.00006
263.705, 3.99579
263.768, 4.00365
263.831, 3.99867
263.894, 3.99892
263.957, 3.99783
264.019, 4.00324
264.082, 4.00145
264.145, 4.00292
264.208, 4.0056
264.271, 4.00512
264.334, 4.00096
264.396, 4.00948
264.459, 4.00226
264.522, 4.00378
264.585, 4.00345
264.648, 4.00766
264.711, 4.00274
264.773, 3.99951
264.836, 3.99984
264.899, 3.99889
264.962, 4.00518
265.025, 4.00082
265.088, 4.00301
265.15, 4.00353
265.213, 4.00463
265.276, 3.99884
265.339, 4.00339
265.402, 4.00252
265.465, 4.00136
265.527, 4.0003
265.59, 4.0037
265.653, 4.00491
265.716, 4.00728
265.779, 4.0029
265.842, 4.00337
265.904, 4.00467
265.967, 3.99759
266.03, 3.9988
266.093, 3.99846
266.156, 3.99427
266.219, 4.00023
266.281, 4.00776
266.344, 4.00481
266.407, 4.00138
266.47, 4.00137
266.533, 4.00047
266.596, 4.00405
266.658, 4.00133
266.721, 3.99914
266.784, 3.99827
266.847, 3.99809
266.91, 3.99549
266.973, 3.99842
267.035, 3.99948
267.098, 3.99962
267.161, 3.99978
267.224, 3.99357
267.287, 3.99819
267.35, 3.99808
267.412, 3.99837
267.475, 3.99082
267.538, 3.99628
267.601, 3.99523
267.664, 3.99398
267.727, 3.99764
267.789, 4.00142
267.852, 4.00394
267.915, 4.00479
267.978, 3.99825
268.041, 3.9954
268.104, 3.99817
268.166, 3.99841
268.229, 4.00141
268.292, 4.00041
268.355, 4.00489
268.418, 4.00401
268.481, 3.9972
268.543, 3.99939
268.606, 3.99984
268.669, 3.998
268.732, 4.00102
268.795, 4.00295
268.857, 3.9973
268.92, 4.00429
268.983, 4.00088
269.046, 4.00047
269.109, 4.00194
269.172, 4.00576
269.234, 4.00236
269.297, 3.99921
269.36, 3.99864
269.423, 3.99874
269.486, 3.99813
269.549, 4.00099
269.611, 3.99737
269.674, 4.0034
269.737, 4.00498
269.8, 4.00217
269.863, 3.99936
269.926, 3.9984
269.988, 3.99759
270.051, 3.99695
270.114, 4.0009
270.177, 4.00075
270.24, 3.99992
270.303, 3.99802
270.365, 3.99571
270.428, 4.00915
270.491, 4.00192
270.554, 4.00164
270.617, 3.99954
270.68, 4.00022
270.742, 3.99914
270.805, 3.99914
270.868, 4.00553
270.931, 3.99983
270.994, 3.99966
271.057, 3.99995
271.119, 4.00263
271.182, 4.00733
271.245, 4.00416
271.308, 4.00351
271.371, 4.0014
271.434, 4.00577
271.496, 4.00371
271.559, 4.0024
271.622, 4.00587
271.685, 4.00435
271.748, 4.00282
271.811, 4.00364
271.873, 4.00071
271.936, 4.00344
271.999, 4.00205
272.062, 3.99902
272.125, 4.00215
272.188, 4.00361
272.25, 4.0017
272.313, 4.00198
272.376, 4.002
272.439, 4.00017
272.502, 3.99955
272.565, 4.00299
272.627, 4.00103
272.69, 3.99985
272.753, 4.00794
272.816, 4.00363
272.879, 4.0012
272.942, 3.99982
273.004, 4.00543
273.067, 4.0048
273.13, 4.00065
273.193, 4.00812
273.256, 4.0033
273.319, 4.00508
273.381, 4.00233
273.444, 4.00265
273.507, 3.99779
273.57, 3.9998
273.633, 4.00029
273.696, 3.99999
273.758, 3.99966
273.821, 3.99959
273.884, 3.99775
273.947, 3.99446
274.01, 4.00068
274.073, 3.99897
274.135, 4.0033
274.198, 4.00127
274.261, 4.00113
274.324, 4.0021
274.387, 3.99611
274.45, 3.99737
274.512, 3.99739
274.575, 3.99805
274.638, 3.99995
274.701, 3.99818
274.764, 3.99781
274.827, 3.99971
274.889, 3.99749
274.952, 4.00194
275.015, 4.00144
275.078, 3.99731
275.141, 3.99502
275.204, 3.9998
275.266, 4.00025
275.329, 3.99602
275.392, 4.001
275.455, 3.99824
275.518, 4.00514
275.581, 3.99953
275.643, 4.00446
275.706, 4.00046
275.769, 3.99448
275.832, 4.00107
275.895, 3.99905
275.957, 3.99735
276.02, 3.99806
276.083, 3.99732
276.146, 3.99611
276.209, 3.99849
276.272, 3.99709
276.334, 3.99803
276.397, 3.9939
276.46, 4.00205
276.523, 4.00435
276.586, 3.9933
276.649, 3.99965
276.711, 4.00043
276.774, 4.00108
276.837, 3.99758
276.9, 3.99603
276.963, 4.00023
277.026, 3.99542
277.088, 3.99605
277.151, 3.99592
277.214, 3.99488
277.277, 3.99983
277.34, 4.00073
277.403, 4.00117
277.465, 3.99658
277.528, 3.99116
277.591, 3.99485
277.654, 3.99601
277.717, 3.99894
277.78, 3.99888
277.842, 3.99683
277.905, 3.99856
277.968, 3.99694
278.031, 3.99895
278.094, 3.99569
278.157, 3.99636
278.219, 3.99813
278.282, 3.99593
278.345, 4.00036
278.408, 3.99922
278.471, 3.99985
278.534, 3.99702
278.596, 3.9943
278.659, 3.99468
278.722, 3.99707
278.785, 4.00112
278.848, 3.99877
278.911, 3.99815
278.973, 3.99774
279.036, 3.99491
279.099, 3.99563
279.162, 3.99649
279.225, 3.99708
279.288, 3.99713
279.35, 4.00097
279.413, 3.99906
279.476, 4.00136
279.539, 3.99868
279.602, 3.99998
279.665, 4.00131
279.727, 4.00112
279.79, 4.0001
279.853, 3.99926
279.916, 3.9999
279.979, 3.9976
280.042, 3.99812
280.104, 4.00165
280.167, 3.99864
280.23, 4.00279
280.293, 3.99835
280.356, 3.99922
280.419, 3.99862
280.481, 3.99811
280.544, 4.00318
280.607, 4.00437
280.67, 4.00511
280.733, 3.9981
280.796, 3.99805
280.858, 3.99918
280.921, 4.00239
280.984, 3.99857
281.047, 3.99188
281.11, 3.99931
281.173, 4.00032
281.235, 3.99566
281.298, 4.0032
281.361, 4.00089
281.424, 3.99527
281.487, 4.0003
281.55, 4.00447
281.612, 3.99702
281.675, 3.99842
281.738, 3.99903
281.801, 4.00409
281.864, 4.0023
281.927, 3.9986
281.989, 3.99794
282.052, 3.99948
282.115, 4.00293
282.178, 4.00369
282.241, 3.99782
282.304, 3.99965
282.366, 4.00476
282.429, 3.99989
282.492, 4.00534
282.555, 4.00016
282.618, 4.00033
282.681, 4.00337
282.743, 4.00143
282.806, 3.99643
282.869, 4.00088
282.932, 4.00088
282.995, 4.00396
283.057, 4.0037
283.12, 4.00378
283.183, 4.00651
283.246, 4.0022
283.309, 4.00118
283.372, 3.99872
283.434, 4.00311
283.497, 4.00278
283.56, 4.00185
283.623, 4.00331
283.686, 4.00116
283.749, 3.99996
283.811, 3.99583
283.874, 4.00077
283.937, 3.99721
284, 4.00058
284.063, 3.99841
284.126, 4.00195
284.188, 4.0012
284.251, 4.003
284.314, 3.99828
284.377, 3.99926
284.44, 4.00094
284.503, 3.9979
284.565, 3.99613
284.628, 3.99949
284.691, 4.00347
284.754, 3.99775
284.817, 3.9965
284.88, 4.00361
284.942, 3.99873
285.005, 3.99909
285.068, 4.00011
285.131, 4.00121
285.194, 4.00308
285.257, 4.00224
285.319, 4.00256
285.382, 4.00055
285.445, 3.99905
285.508, 3.9983
285.571, 3.99948
285.634, 4.00472
285.696, 4.00335
285.759, 4.0012
285.822, 3.9964
285.885, 4.00114
285.948, 4.00222
286.011, 3.99219
286.073, 4.00241
286.136, 4.00195
286.199, 4.00172
286.262, 3.99916
286.325, 3.99938
286.388, 4.00429
286.45, 4.00681
286.513, 3.99939
286.576, 4.00097
286.639, 4.00114
286.702, 4.00558
286.765, 4.00434
286.827, 4.00501
286.89, 4.00291
286.953, 4.00229
287.016, 4.00613
287.079, 4.00312
287.142, 4.00303
287.204, 4.00052
287.267, 3.9998
287.33, 4.00175
287.393, 4.00322
287.456, 4.00233
287.519, 4.00395
287.581, 4.00582
287.644, 4.00304
287.707, 4.00754
287.77, 4.00266
287.833, 4.00365
287.896, 4.00313
287.958, 3.99959
288.021, 3.999
288.084, 3.99906
288.147, 3.99954
288.21, 4.00825
288.273, 4.00172
288.335, 3.99955
288.398, 4.00557
288.461, 4.00884
288.524, 4.00226
288.587, 4.00436
288.65, 3.99931
288.712, 4.00327
288.775, 4.00923
288.838, 4.0073
288.901, 4.00064
288.964, 4.00129
289.027, 4.00497
289.089, 4.00363
289.152, 4.00123
289.215, 4.00181
289.278, 4.00511
289.341, 4.00903
289.404, 3.99947
289.466, 4.00677
289.529, 4.00159
289.592, 4.00339
289.655, 3.99779
289.718, 3.99855
289.781, 3.99595
289.843, 3.99664
289.906, 4.00333
289.969, 3.99901
290.032, 3.99926
290.095, 3.99941
290.157, 4.00096
290.22, 3.99965
290.283, 4.001
290.346, 3.99776
290.409, 4.00022
290.472, 4.00194
290.534, 3.99822
290.597, 3.99454
290.66, 4.00203
290.723, 3.9993
290.786, 3.99779
290.849, 4.00448
290.911, 3.99981
290.974, 3.99804
291.037, 4.00039
291.1, 3.9973
291.163, 3.9978
291.226, 4.00269
291.288, 4.00455
291.351, 4.00124
291.414, 4.00218
291.477, 3.99934
291.54, 4.00001
291.603, 3.99833
291.665, 3.99714
291.728, 4.00133
291.791, 4.00338
291.854, 3.99685
291.917, 3.99877
291.98, 3.99805
292.042, 3.99766
292.105, 3.99521
292.168, 3.99998
292.231, 4.00171
292.294, 4.00128
292.357, 3.99695
292.419, 3.99687
292.482, 3.99488
292.545, 3.99592
292.608, 4.0007
292.671, 4.00436
292.734, 4.00405
292.796, 3.99891
292.859, 4.00115
292.922, 4.00077
292.985, 3.99946
293.048, 4.00489
293.111, 3.99812
293.173, 3.99957
293.236, 4.00218
293.299, 4.00186
293.362, 4.0052
293.425, 4.00351
293.488, 4.0052
293.55, 4.00631
293.613, 4.00119
293.676, 4.00128
293.739, 3.99916
293.802, 4.00613
293.865, 4.00093
293.927, 4.00135
293.99, 3.99956
294.053, 3.99804
294.116, 4.00024
294.179, 4.00294
294.242, 4.00508
294.304, 4.00278
294.367, 4.00098
294.43, 3.99908
294.493, 3.99854
294.556, 4.00104
294.619, 3.99762
294.681, 4.00157
294.744, 3.99772
294.807, 3.9987
294.87, 4.00058
294.933, 4.00569
294.996, 4.00332
295.058, 4.00703
295.121, 4.00281
295.184, 4.00083
295.247, 4.00021
295.31, 4.00432
295.373, 4.00037
295.435, 3.99983
295.498, 4.00375
295.561, 4.00583
295.624, 4.00133
295.687, 4.00167
295.75, 4.001
295.812, 4.0033
295.875, 4.00588
295.938, 3.99924
296.001, 4.00207
296.064, 4.00068
296.127, 3.99957
296.189, 4.00299
296.252, 3.99731
296.315, 3.99775
296.378, 3.9975
296.441, 3.99891
296.504, 3.995
296.566, 3.99918
296.629, 3.99792
296.692, 4.00007
296.755, 3.99781
296.818, 3.9963
296.881, 4.0033
296.943, 4.00312
297.006, 4.00019
297.069, 3.99512
297.132, 3.99846
297.195, 3.99802
297.257, 4.0048
297.32, 4.00226
297.383, 4.00158
297.446, 4.00733
297.509, 4.00469
297.572, 4.0047
297.634, 4.00396
297.697, 3.99927
297.76, 3.999
297.823, 3.99463
297.886, 3.99676
297.949, 4.00318
298.011, 4.00513
298.074, 4.00405
298.137, 4.00331
298.2, 4.00261
298.263, 4.00215
298.326, 4.00113
298.388, 4.00097
298.451, 4.00137
298.514, 4.00406
298.577, 3.99842
298.64, 4.00296
298.703, 4.00475
298.765, 4.00211
298.828, 4.00176
298.891, 4.00457
298.954, 4.00401
299.017, 4.00158
299.08, 4.00622
299.142, 4.00505
299.205, 4.00143
299.268, 3.9981
299.331, 4.00013
299.394, 4.00353
299.457, 3.99901
299.519, 3.99952
299.582, 3.99809
299.645, 4.00403
299.708, 4.00461
299.771, 4.0069
299.834, 4.00699
299.896, 4.00449
299.959, 4.00296
300.022, 4.00227
300.085, 4.00137
300.148, 4.00119
300.211, 3.99801
300.273, 3.99959
300.336, 4.0001
300.399, 4.0046
300.462, 4.00169
300.525, 4.00365
300.588, 4.00245
300.65, 4.0029
300.713, 4.00187
300.776, 4.0046
300.839, 4.00543
300.902, 4.0018
300.965, 4.00037
301.027, 4.00657
301.09, 4.00277
301.153, 4.01013
301.216, 4.00445
301.279, 4.00495
301.342, 4.00459
301.404, 3.99651
301.467, 4.0045
301.53, 4.0044
301.593, 4.00243
301.656, 4.00316
301.719, 4.00612
301.781, 4.00687
301.844, 4.00072
301.907, 4.00653
301.97, 4.00602
302.033, 4.00575
302.096, 4.00046
302.158, 4.00341
302.221, 4.01136
302.284, 4.00672
302.347, 4.00332
302.41, 4.00374
302.473, 4.0047
302.535, 4.00495
302.598, 4.00085
302.661, 4.00645
302.724, 4.00395
302.787, 4.00446
302.85, 4.00314
302.912, 4.00656
302.975, 4.00384
303.038, 4.00362
303.101, 4.00563
303.164, 4.00261
303.227, 4.0004
303.289, 4.00624
303.352, 4.00344
303.415, 4.00307
303.478, 4.00748
303.541, 4.00253
303.604, 4.0018
303.666, 4.00278
303.729, 3.99877
303.792, 4.00383
303.855, 4.00402
303.918, 4.00345
303.981, 4.00175
304.043, 3.99796
304.106, 4.00278
304.169, 4.00422
304.232, 4.00665
304.295, 4.00232
304.357, 4.00556
304.42, 4.00779
304.483, 4.0081
304.546, 4.00434
304.609, 3.99837
304.672, 4.00075
304.734, 4.00085
304.797, 3.9994
304.86, 4.00286
304.923, 4.00618
304.986, 4.00446
305.049, 4.00296
305.111, 4.00273
305.174, 4.00147
305.237, 4.00234
305.3, 4.00245
305.363, 4.00183
305.426, 4.00462
305.488, 4.00414
305.551, 4.00014
305.614, 3.99867
305.677, 3.99968
305.74, 3.99932
305.803, 4.0012
305.865, 3.99946
305.928, 4.00402
305.991, 4.0013
306.054, 4.00149
306.117, 3.99934
306.18, 4.00176
306.242, 4.00503
306.305, 4.00353
306.368, 4.0059
306.431, 4.00746
306.494, 4.00642
306.557, 4.00134
306.619, 4.0045
306.682, 4.00244
306.745, 4.0068
306.808, 4.00047
306.871, 4.00108
306.934, 4.00193
306.996, 4.00114
307.059, 4.00312
307.122, 4.00399
307.185, 3.99787
307.248, 4.00272
307.311, 4.00107
307.373, 4.00486
307.436, 4.00151
307.499, 3.99791
307.562, 3.99683
307.625, 4.00206
307.688, 4.00332
307.75, 3.99846
307.813, 4.00268
307.876, 4.0028
307.939, 4.00093
308.002, 4.00368
308.065, 3.9998
308.127, 3.99671
308.19, 3.99925
308.253, 4.00281
308.316, 3.99945
308.379, 3.99614
308.442, 3.9956
308.504, 3.99918
308.567, 3.9992
308.63, 3.99779
308.693, 4.00641
308.756, 4.00196
308.819, 4.00335
308.881, 4.00314
308.944, 4.00177
309.007, 4.00499
309.07, 4.00408
309.133, 4.00145
309.196, 4.00371
309.258, 4.00082
309.321, 4.00275
309.384, 4.0065
309.447, 4.00325
309.51, 4.00684
309.573, 4.00334
309.635, 4.00118
309.698, 4.00407
309.761, 4.0038
309.824, 4.0099
309.887, 4.00536
309.95, 4.00496
310.012, 4.00539
310.075, 4.00911
310.138, 4.00667
310.201, 4.0045
310.264, 4.00716
310.327, 4.0115
310.389, 4.00493
310.452, 4.00346
310.515, 4.00227
310.578, 4.00149
310.641, 4.00399
310.704, 4.00503
310.766, 4.00632
310.829, 4.00237
310.892, 4.00154
310.955, 4.0085
311.018, 4.00656
311.081, 4.00661
311.143, 4.00319
311.206, 4.00239
311.269, 4.0034
311.332, 4.00428
311.395, 4.00069
311.457, 4.00425
311.52, 4.00452
311.583, 4.00112
311.646, 3.99981
311.709, 4.01041
311.772, 4.00495
311.834, 4.00559
311.897, 4.0004
311.96, 4.0012
312.023, 4.00333
312.086, 4.00423
312.149, 4.00178
312.211, 4.00448
312.274, 4.00818
312.337, 3.99982
312.4, 4.0025
312.463, 4.00248
312.526, 4.00109
312.588, 4.00635
312.651, 4.00504
312.714, 4.00879
312.777, 4.00524
312.84, 4.00064
312.903, 4.00297
312.965, 3.99587
313.028, 3.99936
313.091, 4.00126
313.154, 4.00267
313.217, 4.00298
313.28, 4.00309
313.342, 4.00277
313.405, 4.00388
313.468, 3.99894
313.531, 3.99879
313.594, 3.99959
313.657, 4.00317
313.719, 4.00573
313.782, 4.00322
313.845, 4.00771
313.908, 4.00472
313.971, 4.00526
314.034, 4.00379
314.096, 4.00409
314.159, 4.00452
