0, 2
0.0628319, 1.62418
0.125664, 1.52662
0.188496, 1.49987
0.251327, 1.48913
0.314159, 1.48285
0.376991, 1.47607
0.439823, 1.46966
0.502655, 1.4652
0.565487, 1.45991
0.628319, 1.45441
0.69115, 1.44838
0.753982, 1.44319
0.816814, 1.43843
0.879646, 1.43123
0.942478, 1.42627
1.00531, 1.42229
1.06814, 1.41745
1.13097, 1.41174
1.19381, 1.40879
1.25664, 1.40221
1.31947, 1.39763
1.3823, 1.39202
1.44513, 1.38747
1.50796, 1.384
1.5708, 1.37862
1.63363, 1.37441
1.69646, 1.36939
1.75929, 1.3652
1.82212, 1.36194
1.88496, 1.35696
1.94779, 1.35288
2.01062, 1.34775
2.07345, 1.34249
2.13628, 1.33936
2.19911, 1.33675
2.26195, 1.33363
2.32478, 1.33017
2.38761, 1.32732
2.45044, 1.322
2.51327, 1.31854
2.57611, 1.31341
2.63894, 1.31101
2.70177, 1.30791
2.7646, 1.30363
2.82743, 1.30065
2.89027, 1.2955
2.9531, 1.29117
3.01593, 1.28777
3.07876, 1.28498
3.14159, 1.28196
3.20442, 1.2806
3.26726, 1.27723
3.33009, 1.27229
3.39292, 1.2692
3.45575, 1.26731
3.51858, 1.26275
3.58142, 1.25919
3.64425, 1.25793
3.70708, 1.25496
3.76991, 1.25088
3.83274, 1.24744
3.89557, 1.24453
3.95841, 1.24102
4.02124, 1.2401
4.08407, 1.23742
4.1469, 1.23324
4.20973, 1.23123
4.27257, 1.22858
4.3354, 1.2263
4.39823, 1.22325
4.46106, 1.22131
4.52389, 1.2182
4.58673, 1.2142
4.64956, 1.21275
4.71239, 1.21118
4.77522, 1.20656
4.83805, 1.20422
4.90088, 1.20219
4.96372, 1.19863
5.02655, 1.19647
5.08938, 1.19617
5.15221, 1.19123
5.21504, 1.19006
5.27788, 1.18855
5.34071, 1.18768
5.40354, 1.18462
5.46637, 1.18182
5.5292, 1.17965
5.59203, 1.17795
5.65487, 1.17507
5.7177, 1.1714
5.78053, 1.1703
5.84336, 1.1691
5.90619, 1.16703
5.96903, 1.1661
6.03186, 1.16438
6.09469, 1.16242
6.15752, 1.15931
6.22035, 1.15712
6.28319, 1.15601
6.34602, 1.15352
6.40885, 1.15171
6.47168, 1.15014
6.53451, 1.14709
6.59734, 1.14696
6.66018, 1.14509
6.72301, 1.14368
6.78584, 1.14236
6.84867, 1.14065
6.9115, 1.13822
6.97434, 1.13541
7.03717, 1.1353
7.1, 1.13307
7.16283, 1.13375
7.22566, 1.13079
7.28849, 1.12865
7.35133, 1.12815
7.41416, 1.12568
7.47699, 1.12394
7.53982, 1.12226
7.60265, 1.11992
7.66549, 1.11952
7.72832, 1.11814
7.79115, 1.1162
7.85398, 1.11639
7.91681, 1.11361
7.97965, 1.1123
8.04248, 1.11189
8.10531, 1.1103
8.16814, 1.10917
8.23097, 1.10722
8.2938, 1.10696
8.35664, 1.10553
8.41947, 1.10411
8.4823, 1.10396
8.54513, 1.10228
8.60796, 1.10043
8.6708, 1.09864
8.73363, 1.09842
8.79646, 1.09809
8.85929, 1.0961
8.92212, 1.09487
8.98495, 1.09482
9.04779, 1.09265
9.11062, 1.09117
9.17345, 1.09056
9.23628, 1.08762
9.29911, 1.08796
9.36195, 1.08732
9.42478, 1.08661
9.48761, 1.08545
9.55044, 1.08509
9.61327, 1.08477
9.67611, 1.0835
9.73894, 1.08102
9.80177, 1.08103
9.8646, 1.0803
9.92743, 1.0768
9.99026, 1.07746
10.0531, 1.07556
10.1159, 1.07616
10.1788, 1.07482
10.2416, 1.07296
10.3044, 1.07409
10.3673, 1.07239
10.4301, 1.07175
10.4929, 1.07114
10.5558, 1.06945
10.6186, 1.06883
10.6814, 1.06782
10.7442, 1.06816
10.8071, 1.06795
10.8699, 1.06673
10.9327, 1.0654
10.9956, 1.06371
11.0584, 1.06305
11.1212, 1.06268
11.1841, 1.0609
11.2469, 1.06128
11.3097, 1.0599
11.3726, 1.05901
11.4354, 1.05913
11.4982, 1.05837
11.5611, 1.05734
11.6239, 1.05719
11.6867, 1.0579
11.7496, 1.05567
11.8124, 1.05492
11.8752, 1.05535
11.9381, 1.05393
12.0009, 1.05301
12.0637, 1.05253
12.1265, 1.05111
12.1894, 1.0506
12.2522, 1.05049
12.315, 1.04962
12.3779, 1.04705
12.4407, 1.04796
12.5035, 1.0475
12.5664, 1.04793
12.6292, 1.0472
12.692, 1.04702
12.7549, 1.04625
12.8177, 1.04521
12.8805, 1.04459
12.9434, 1.0429
13.0062, 1.04311
13.069, 1.04429
13.1319, 1.04309
13.1947, 1.04335
13.2575, 1.04234
13.3204, 1.04161
13.3832, 1.04006
13.446, 1.03949
13.5088, 1.03969
13.5717, 1.0402
13.6345, 1.03916
13.6973, 1.03822
13.7602, 1.03751
13.823, 1.03751
13.8858, 1.03678
13.9487, 1.03796
14.0115, 1.03684
14.0743, 1.03652
14.1372, 1.03518
14.2, 1.03569
14.2628, 1.03588
14.3257, 1.0352
14.3885, 1.03526
14.4513, 1.0348
14.5142, 1.03432
14.577, 1.03442
14.6398, 1.03336
14.7027, 1.03151
14.7655, 1.03132
14.8283, 1.03172
14.8911, 1.03034
14.954, 1.02984
15.0168, 1.03021
15.0796, 1.03052
15.1425, 1.02951
15.2053, 1.02855
15.2681, 1.02811
15.331, 1.02816
15.3938, 1.02893
15.4566, 1.02778
15.5195, 1.02631
15.5823, 1.02638
15.6451, 1.02759
15.708, 1.02713
15.7708, 1.02573
15.8336, 1.0259
15.8965, 1.02681
15.9593, 1.02564
16.0221, 1.02434
16.085, 1.02437
16.1478, 1.02453
16.2106, 1.02466
16.2734, 1.02296
16.3363, 1.02295
16.3991, 1.02225
16.4619, 1.02366
16.5248, 1.02332
16.5876, 1.02216
16.6504, 1.02312
16.7133, 1.02257
16.7761, 1.02141
16.8389, 1.02029
16.9018, 1.02101
16.9646, 1.02093
17.0274, 1.02063
17.0903, 1.02018
17.1531, 1.02062
17.2159, 1.01934
17.2788, 1.01832
17.3416, 1.01867
17.4044, 1.01908
17.4673, 1.0179
17.5301, 1.0191
17.5929, 1.01917
17.6558, 1.0187
17.7186, 1.01836
17.7814, 1.01813
17.8442, 1.01771
17.9071, 1.01865
17.9699, 1.01674
18.0327, 1.01759
18.0956, 1.01748
18.1584, 1.01694
18.2212, 1.0169
18.2841, 1.01699
18.3469, 1.01676
18.4097, 1.01679
18.4726, 1.01632
18.5354, 1.01599
18.5982, 1.01536
18.6611, 1.01558
18.7239, 1.01535
18.7867, 1.0149
18.8496, 1.01588
18.9124, 1.01433
18.9752, 1.015
19.0381, 1.01455
19.1009, 1.01344
19.1637, 1.01281
19.2265, 1.01493
19.2894, 1.01386
19.3522, 1.01353
19.415, 1.01301
19.4779, 1.01346
19.5407, 1.01381
19.6035, 1.01303
19.6664, 1.01342
19.7292, 1.01241
19.792, 1.01311
19.8549, 1.0127
19.9177, 1.01214
19.9805, 1.01217
20.0434, 1.01198
20.1062, 1.01243
20.169, 1.01171
20.2319, 1.01175
20.2947, 1.01079
20.3575, 1.01092
20.4204, 1.01038
20.4832, 1.01046
20.546, 1.0101
20.6088, 1.00994
20.6717, 1.01042
20.7345, 1.01032
20.7973, 1.01106
20.8602, 1.01139
20.923, 1.01158
20.9858, 1.01158
21.0487, 1.00968
21.1115, 1.00957
21.1743, 1.01004
21.2372, 1.00916
21.3, 1.00877
21.3628, 1.00797
21.4257, 1.00842
21.4885, 1.00931
21.5513, 1.01003
21.6142, 1.00937
21.677, 1.00866
21.7398, 1.00701
21.8027, 1.00845
21.8655, 1.00861
21.9283, 1.00827
21.9911, 1.00776
22.054, 1.007
22.1168, 1.00722
22.1796, 1.00802
22.2425, 1.00685
22.3053, 1.0073
22.3681, 1.00715
22.431, 1.00723
22.4938, 1.00841
22.5566, 1.00678
22.6195, 1.00689
22.6823, 1.00753
22.7451, 1.00613
22.808, 1.00735
22.8708, 1.00609
22.9336, 1.00668
22.9965, 1.00573
23.0593, 1.00802
23.1221, 1.00572
23.185, 1.0066
23.2478, 1.00651
23.3106, 1.00692
23.3734, 1.00716
23.4363, 1.00676
23.4991, 1.00668
23.5619, 1.00629
23.6248, 1.00633
23.6876, 1.00626
23.7504, 1.00619
23.8133, 1.00575
23.8761, 1.0065
23.9389, 1.00604
24.0018, 1.0069
24.0646, 1.0055
24.1274, 1.00457
24.1903, 1.0046
24.2531, 1.0048
24.3159, 1.00656
24.3788, 1.00603
24.4416, 1.00541
24.5044, 1.00376
24.5673, 1.00614
24.6301, 1.00551
24.6929, 1.00585
24.7558, 1.00558
24.8186, 1.00464
24.8814, 1.00526
24.9442, 1.00597
25.0071, 1.00398
25.0699, 1.00468
25.1327, 1.00509
25.1956, 1.00387
25.2584, 1.00447
25.3212, 1.0061
25.3841, 1.00631
25.4469, 1.0054
25.5097, 1.0032
25.5726, 1.00411
25.6354, 1.00468
25.6982, 1.00464
25.7611, 1.00295
25.8239, 1.00406
25.8867, 1.00437
25.9496, 1.00399
26.0124, 1.00436
26.0752, 1.0045
26.1381, 1.00399
26.2009, 1.00374
26.2637, 1.00404
26.3265, 1.00343
26.3894, 1.00377
26.4522, 1.00319
26.515, 1.00362
26.5779, 1.00312
26.6407, 1.00148
26.7035, 1.00221
26.7664, 1.00216
26.8292, 1.00184
26.892, 1.00236
26.9549, 1.00199
27.0177, 1.00166
27.0805, 1.0027
27.1434, 1.00163
27.2062, 1.00238
27.269, 1.00285
27.3319, 1.00179
27.3947, 1.00216
27.4575, 1.00063
27.5204, 1.00113
27.5832, 1.00122
27.646, 1.00185
27.7088, 1.00216
27.7717, 1.00064
27.8345, 1.00109
27.8973, 1.00169
27.9602, 1.00283
28.023, 1.00136
28.0858, 1.00203
28.1487, 1.00133
28.2115, 1.00076
28.2743, 1.00218
28.3372, 1.00225
28.4, 1.00323
28.4628, 1.00285
28.5257, 1.00131
28.5885, 1.00153
28.6513, 1.00061
28.7142, 1.00103
28.777, 1.00014
28.8398, 1.00039
28.9027, 1.00105
28.9655, 1.00183
29.0283, 1.00277
29.0911, 1.00258
29.154, 1.00194
29.2168, 1.00004
29.2796, 1.00082
29.3425, 1.00057
29.4053, 1.0014
29.4681, 1.00192
29.531, 1.00141
29.5938, 1.00098
29.6566, 1.00129
29.7195, 1.00287
29.7823, 1.00238
29.8451, 1.00111
29.908, 1.00223
29.9708, 1.00038
30.0336, 1.00033
30.0965, 1.00053
30.1593, 1.00101
30.2221, 0.999733
30.285, 1.00049
30.3478, 1.00081
30.4106, 1.00169
30.4734, 1.00169
30.5363, 1.00081
30.5991, 1.00178
30.6619, 1.0017
30.7248, 1.00241
30.7876, 1.00075
30.8504, 1.00113
30.9133, 1.00088
30.9761, 1.00097
31.0389, 1.00163
31.1018, 1.00183
31.1646, 1.00047
31.2274, 1.00001
31.2903, 1.00219
31.3531, 1.00115
31.4159, 1.00043
31.4788, 1.00098
31.5416, 1.00095
31.6044, 1.00049
31.6673, 1.0024
31.7301, 1.0017
31.7929, 1.00064
31.8557, 1.00063
31.9186, 1.0008
31.9814, 1.00129
32.0442, 1.00162
32.1071, 1.00086
32.1699, 1.00036
32.2327, 1.00175
32.2956, 0.9998
32.3584, 1.00121
32.4212, 1.00198
32.4841, 1.00031
32.5469, 1.00137
32.6097, 1.00088
32.6726, 1.00069
32.7354, 1.00293
32.7982, 1.00141
32.8611, 1.00133
32.9239, 1.00111
32.9867, 1.00084
33.0496, 1.00165
33.1124, 1.00046
33.1752, 1.00071
33.2381, 1.00055
33.3009, 1.00018
33.3637, 1.0012
33.4265, 1.00024
33.4894, 0.99996
33.5522, 1.00009
33.615, 1.00037
33.6779, 0.999669
33.7407, 1.00066
33.8035, 1.00015
33.8664, 1.00059
33.9292, 1.00164
33.992, 1.0015
34.0549, 1.00066
34.1177, 1.00327
34.1805, 1.00178
34.2434, 1.00262
34.3062, 1.00161
34.369, 1.00095
34.4319, 1.00263
34.4947, 1.00202
34.5575, 1.00239
34.6204, 1.00275
34.6832, 1.00318
34.746, 1.00267
34.8088, 1.00245
34.8717, 1.00339
34.9345, 1.00178
34.9973, 1.00365
35.0602, 1.00247
35.123, 1.00208
35.1858, 1.00102
35.2487, 1.00084
35.3115, 1.00204
35.3743, 1.00197
35.4372, 1.00125
35.5, 1.00193
35.5628, 1
35.6257, 1.00234
35.6885, 1.00152
35.7513, 1.00197
35.8142, 1.00163
35.877, 1.00143
35.9398, 1.00266
36.0027, 1.00186
36.0655, 1.00146
36.1283, 1.00165
36.1911, 1.00092
36.254, 1.0016
36.3168, 1.00121
36.3796, 0.999976
36.4425, 1.00052
36.5053, 1.00127
36.5681, 1.00281
36.631, 1.00111
36.6938, 1.0012
36.7566, 1.00037
36.8195, 1.00176
36.8823, 1.00148
36.9451, 1.00111
37.008, 1.00132
37.0708, 0.999756
37.1336, 1.00062
37.1965, 1.0012
37.2593, 1.0016
37.3221, 1.00124
37.385, 1.0014
37.4478, 1.00121
37.5106, 1.00126
37.5734, 1.00093
37.6363, 1.00053
37.6991, 1.00142
37.7619, 1.00122
37.8248, 1.00151
37.8876, 1.00065
37.9504, 1.0011
38.0133, 1.00164
38.0761, 1.00091
38.1389, 1.0012
38.2018, 1.00025
38.2646, 1.00217
38.3274, 1.00117
38.3903, 1.00028
38.4531, 1.00207
38.5159, 1.00262
38.5788, 1.00141
38.6416, 1.00175
38.7044, 1.0013
38.7673, 0.999102
38.8301, 1.00075
38.8929, 1.0004
38.9557, 1.00219
39.0186, 1.00192
39.0814, 1.00277
39.1442, 1.00191
39.2071, 1.00122
39.2699, 1.00142
39.3327, 1.0011
39.3956, 1.00041
39.4584, 1.00076
39.5212, 1.00087
39.5841, 1.00171
39.6469, 1.00104
39.7097, 0.999413
39.7726, 0.999993
39.8354, 0.999218
39.8982, 0.99899
39.9611, 1.00008
40.0239, 1.00169
40.0867, 1.00041
40.1496, 1.0008
40.2124, 1.00091
40.2752, 0.999727
40.338, 1.00017
40.4009, 0.999212
40.4637, 0.998886
40.5265, 1.0001
40.5894, 0.99892
40.6522, 1.00072
40.715, 1.00011
40.7779, 1.0005
40.8407, 1.00023
40.9035, 0.999971
40.9664, 0.99946
41.0292, 1.00093
41.092, 1.00012
41.1549, 0.999981
41.2177, 1.00102
41.2805, 0.999363
41.3434, 1
41.4062, 1.00094
41.469, 1.00051
41.5319, 0.99811
41.5947, 0.99905
41.6575, 0.999061
41.7204, 1.0004
41.7832, 1.00022
41.846, 1.00018
41.9088, 0.999565
41.9717, 1.0004
42.0345, 1.00127
42.0973, 1.00151
42.1602, 1.00085
42.223, 1.00054
42.2858, 1.0002
42.3487, 1.00025
42.4115, 1.00035
42.4743, 1.0007
42.5372, 0.99956
42.6, 1.00112
42.6628, 1.00097
42.7257, 1.00009
42.7885, 1.00026
42.8513, 0.999673
42.9142, 1.00057
42.977, 1.00132
43.0398, 1.00017
43.1027, 1.00069
43.1655, 1.00091
43.2283, 1.00143
43.2911, 1.00177
43.354, 1.00219
43.4168, 1.00142
43.4796, 1.00152
43.5425, 1.00037
43.6053, 1.00065
43.6681, 1.00073
43.731, 1.00085
43.7938, 1.001
43.8566, 1.0011
43.9195, 1.00029
43.9823, 1.00003
44.0451, 1.00136
44.108, 1.0017
44.1708, 1.00123
44.2336, 1.00092
44.2965, 1.00011
44.3593, 1.0003
44.4221, 1.00091
44.485, 0.999944
44.5478, 0.999669
44.6106, 1.00018
44.6734, 1.00128
44.7363, 0.999817
44.7991, 1.00088
44.8619, 1.00047
44.9248, 1.00029
44.9876, 1.00029
45.0504, 1.00048
45.1133, 1.00029
45.1761, 1.00008
45.2389, 1.00026
45.3018, 1.00013
45.3646, 0.9997
45.4274, 0.999805
45.4903, 1.00046
45.5531, 1.00091
45.6159, 1.00023
45.6788, 1.00069
45.7416, 0.999627
45.8044, 0.999854
45.8673, 1.00176
45.9301, 1.0013
45.9929, 1.00017
46.0557, 1.00063
46.1186, 0.999985
46.1814, 1.00078
46.2442, 0.999889
46.3071, 0.999267
46.3699, 1.00073
46.4327, 1.0013
46.4956, 0.999762
46.5584, 0.998738
46.6212, 1.00064
46.6841, 0.999869
46.7469, 1.001
46.8097, 1.00071
46.8726, 0.998823
46.9354, 1.00072
46.9982, 1.00024
47.0611, 1.0007
47.1239, 1.0006
47.1867, 0.999848
47.2496, 1.00111
47.3124, 1.0021
47.3752, 1.0002
47.438, 1.00254
47.5009, 1.00155
47.5637, 1.00162
47.6265, 0.999847
47.6894, 1.00154
47.7522, 1.00089
47.815, 1.00138
47.8779, 1.00267
47.9407, 1.00124
48.0035, 1.0017
48.0664, 1.00074
48.1292, 1.00098
48.192, 1.00073
48.2549, 1.00149
48.3177, 1.00112
48.3805, 1.00081
48.4434, 1.00133
48.5062, 0.999659
48.569, 1.00085
48.6319, 1.00046
48.6947, 1.00121
48.7575, 1.00068
48.8203, 1.00161
48.8832, 1.00142
48.946, 1.00168
49.0088, 1.00343
49.0717, 1.00172
49.1345, 1.0018
49.1973, 1.00158
49.2602, 1.00228
49.323, 1.00248
49.3858, 1.00193
49.4487, 1.00215
49.5115, 1.00158
49.5743, 1.00198
49.6372, 1.00155
49.7, 1.00152
49.7628, 1.00204
49.8257, 1.00266
49.8885, 1.00209
49.9513, 1.00143
50.0142, 1.00154
50.077, 1.003
50.1398, 1.00106
50.2027, 1.00145
50.2655, 1.00167
50.3283, 1.00161
50.3911, 1.00258
50.454, 1.00191
50.5168, 1.00171
50.5796, 1.00225
50.6425, 1.00274
50.7053, 1.00235
50.7681, 1.002
50.831, 1.0014
50.8938, 1.00222
50.9566, 1.00209
51.0195, 1.00151
51.0823, 1.00185
51.1451, 1.00207
51.208, 1.00221
51.2708, 1.00225
51.3336, 1.00279
51.3965, 1.00194
51.4593, 1.00099
51.5221, 1.00208
51.585, 1.00084
51.6478, 1.00124
51.7106, 1.0009
51.7734, 1.00212
51.8363, 1.00129
51.8991, 1.00161
51.9619, 1.00169
52.0248, 1.00076
52.0876, 1.0028
52.1504, 1.00294
52.2133, 1.00295
52.2761, 1.00258
52.3389, 1.00045
52.4018, 1.00211
52.4646, 1.0012
52.5274, 1.00241
52.5903, 1.00239
52.6531, 1.00092
52.7159, 1.00243
52.7788, 1.00212
52.8416, 1.00182
52.9044, 1.00158
52.9673, 0.999588
53.0301, 1.00191
53.0929, 1.00307
53.1557, 1.0024
53.2186, 1.00145
53.2814, 1.00176
53.3442, 1.00092
53.4071, 1.0016
53.4699, 1.00227
53.5327, 1.00224
53.5956, 1.00193
53.6584, 1.00182
53.7212, 1.00296
53.7841, 1.00139
53.8469, 1.00059
53.9097, 1.00102
53.9726, 1.00093
54.0354, 1.00177
54.0982, 1.00193
54.1611, 1.00221
54.2239, 1.0022
54.2867, 1.00234
54.3496, 1.00216
54.4124, 1.00287
54.4752, 1.00231
54.538, 1.0016
54.6009, 1.00224
54.6637, 1.00099
54.7265, 1.00114
54.7894, 1.00097
54.8522, 1.00139
54.915, 1.00165
54.9779, 1.00124
55.0407, 1.00227
55.1035, 1.00191
55.1664, 1.00203
55.2292, 1.00263
55.292, 1.00152
55.3549, 1.00072
55.4177, 1.00189
55.4805, 1.00236
55.5434, 1.0034
55.6062, 1.00293
55.669, 1.00139
55.7319, 1.00211
55.7947, 1.00225
55.8575, 1.00259
55.9203, 1.00302
55.9832, 1.00167
56.046, 1.00115
56.1088, 1.00196
56.1717, 1.00338
56.2345, 1.00186
56.2973, 1.00302
56.3602, 1.00227
56.423, 1.0028
56.4858, 1.00275
56.5487, 1.00255
56.6115, 1.00186
56.6743, 1.00272
56.7372, 1.00253
56.8, 1.00118
56.8628, 1.00089
56.9257, 1.0012
56.9885, 1.00182
57.0513, 1.00197
57.1142, 1.002
57.177, 1.00298
57.2398, 1.00308
57.3027, 1.00223
57.3655, 1.00312
57.4283, 1.00231
57.4911, 1.00157
57.554, 1.00275
57.6168, 1.00134
57.6796, 1.00328
57.7425, 1.00348
57.8053, 1.00274
57.8681, 1.00223
57.931, 1.00237
57.9938, 1.00323
58.0566, 1.00229
58.1195, 1.00105
58.1823, 1.00162
58.2451, 1.00152
58.308, 1.00228
58.3708, 1.00333
58.4336, 1.00323
58.4965, 1.00411
58.5593, 1.00221
58.6221, 1.00109
58.685, 1.00108
58.7478, 1.0022
58.8106, 1.00291
58.8734, 1.00389
58.9363, 1.00366
58.9991, 1.00261
59.0619, 1.00243
59.1248, 1.00235
59.1876, 1.00233
59.2504, 1.003
59.3133, 1.00188
59.3761, 1.00291
59.4389, 1.00301
59.5018, 1.00339
59.5646, 1.00252
59.6274, 1.00208
59.6903, 1.00229
59.7531, 1.00042
59.8159, 1.00137
59.8788, 1.00189
59.9416, 1.00141
60.0044, 1.00172
60.0673, 1.002
60.1301, 1.00171
60.1929, 1.00116
60.2557, 1.00208
60.3186, 1.0003
60.3814, 1.00131
60.4442, 1.00224
60.5071, 1.00183
60.5699, 1.00091
60.6327, 1.00153
60.6956, 1.00087
60.7584, 1.00154
60.8212, 1.00121
60.8841, 1.00372
60.9469, 1.00304
61.0097, 1.0017
61.0726, 1.00175
61.1354, 1.0017
61.1982, 1.00261
61.2611, 1.00203
61.3239, 1.00287
61.3867, 1.00132
61.4496, 1.00107
61.5124, 1.00198
61.5752, 1.0014
61.638, 1.00146
61.7009, 1.00052
61.7637, 1.00109
61.8265, 1.00144
61.8894, 1.00074
61.9522, 1.0017
62.015, 1.00331
62.0779, 1.00159
62.1407, 1.00126
62.2035, 1.00169
62.2664, 1.00159
62.3292, 1.00216
62.392, 1.00164
62.4549, 1.0014
62.5177, 1.00137
62.5805, 1.00149
62.6434, 1.00083
62.7062, 1.00213
62.769, 1.00226
62.8319, 1.00301
62.8947, 1.00207
62.9575, 1.0015
63.0203, 1.0016
63.0832, 1.00066
63.146, 1.00063
63.2088, 1.00217
63.2717, 1.00191
63.3345, 1.00223
63.3973, 1.00142
63.4602, 1.00368
63.523, 1.00194
63.5858, 1.00291
63.6487, 1.00166
63.7115, 1.0017
63.7743, 1.00149
63.8372, 1.0008
63.9, 1.00068
63.9628, 1.00236
64.0257, 1.0025
64.0885, 1.00258
64.1513, 1.00226
64.2142, 1.00082
64.277, 1.00162
64.3398, 1.00327
64.4026, 1.00122
64.4655, 1.00183
64.5283, 1.00137
64.5911, 1.0019
64.654, 1.0017
64.7168, 1.00105
64.7796, 1.00133
64.8425, 1.00105
64.9053, 1.00233
64.9681, 1.00278
65.031, 1.00125
65.0938, 1.002
65.1566, 1.00286
65.2195, 1.00137
65.2823, 1.00211
65.3451, 1.0016
65.408, 1.00085
65.4708, 1.00214
65.5336, 1.0012
65.5965, 1.00125
65.6593, 1.00171
65.7221, 1.00213
65.785, 1.00144
65.8478, 1.00073
65.9106, 0.999943
65.9734, 1.00059
66.0363, 1.00042
66.0991, 1.00106
66.1619, 1.00231
66.2248, 1.00056
66.2876, 1
66.3504, 1.00096
66.4133, 1.00069
66.4761, 0.999804
66.5389, 1.00028
66.6018, 1.0007
66.6646, 1.00136
66.7274, 1.00108
66.7903, 1.00078
66.8531, 1.00051
66.9159, 1.00158
66.9788, 1.00158
67.0416, 1.00107
67.1044, 1.00134
67.1673, 1.00074
67.2301, 1.0008
67.2929, 1.00014
67.3557, 1.00003
67.4186, 0.99943
67.4814, 1.0014
67.5442, 1.00101
67.6071, 1.00113
67.6699, 1.00015
67.7327, 1.00006
67.7956, 0.999855
67.8584, 0.999798
67.9212, 0.998795
67.9841, 1.00068
68.0469, 1.0005
68.1097, 0.999965
68.1726, 0.999161
68.2354, 0.999368
68.2982, 0.999307
68.3611, 0.999286
68.4239, 1.00005
68.4867, 1.00117
68.5496, 1.00217
68.6124, 0.998735
68.6752, 0.999002
68.738, 1.00059
68.8009, 0.999142
68.8637, 1.00019
68.9265, 1.00097
68.9894, 0.999374
69.0522, 0.999613
69.115, 1.00018
69.1779, 1.00041
69.2407, 1.00026
69.3035, 0.999657
69.3664, 0.999335
69.4292, 0.998739
69.492, 0.99858
69.5549, 1.00051
69.6177, 0.999804
69.6805, 1.0003
69.7434, 1.00029
69.8062, 0.998737
69.869, 0.998462
69.9319, 1.00039
69.9947, 0.998865
70.0575, 0.997564
70.1203, 1
70.1832, 0.999795
70.246, 1.00156
70.3088, 1.0007
70.3717, 1.00094
70.4345, 0.999658
70.4973, 0.999233
70.5602, 1.00038
70.623, 0.999385
70.6858, 1.00067
70.7487, 1.00004
70.8115, 0.998699
70.8743, 1.00003
70.9372, 0.999715
71, 0.998504
71.0628, 1.00004
71.1257, 0.999688
71.1885, 1.00015
71.2513, 0.998744
71.3142, 0.999278
71.377, 0.999039
71.4398, 0.999559
71.5026, 0.998625
71.5655, 1.00031
71.6283, 1.00067
71.6911, 0.999285
71.754, 0.998735
71.8168, 0.998933
71.8796, 0.998555
71.9425, 0.998365
72.0053, 1.00014
72.0681, 1.00041
72.131, 0.998877
72.1938, 0.997636
72.2566, 0.999186
72.3195, 1.00016
72.3823, 0.99897
72.4451, 0.9991
72.508, 0.999995
72.5708, 0.999339
72.6336, 0.999733
72.6965, 0.998739
72.7593, 0.999856
72.8221, 1.00101
72.8849, 1.00005
72.9478, 0.999843
73.0106, 0.999794
73.0734, 0.999879
73.1363, 1.0004
73.1991, 1.00013
73.2619, 1.00084
73.3248, 1.00119
73.3876, 0.999755
73.4504, 0.998796
73.5133, 1.00005
73.5761, 0.999413
73.6389, 1.0001
73.7018, 1.00122
73.7646, 1.00059
73.8274, 1.001
73.8903, 1.00022
73.9531, 1.00085
74.0159, 1.00195
74.0788, 1.0001
74.1416, 1.00004
74.2044, 1.00064
74.2673, 1.00049
74.3301, 1.00009
74.3929, 1.0013
74.4557, 1.00105
74.5186, 0.999041
74.5814, 1.00184
74.6442, 1.00058
74.7071, 1.00014
74.7699, 1.00035
74.8327, 1.00024
74.8956, 1.00013
74.9584, 1.00005
75.0212, 1.0009
75.0841, 1.00192
75.1469, 1.00086
75.2097, 1.00195
75.2726, 1.00119
75.3354, 1.00178
75.3982, 1.00217
75.4611, 1.00107
75.5239, 0.999726
75.5867, 1.00124
75.6496, 1.00148
75.7124, 1.00067
75.7752, 0.999972
75.838, 0.999089
75.9009, 0.999482
75.9637, 0.99925
76.0265, 1.00064
76.0894, 1.0009
76.1522, 1.00162
76.215, 1.00092
76.2779, 0.99936
76.3407, 0.999857
76.4035, 1.00019
76.4664, 1.00086
76.5292, 0.999786
76.592, 1.00038
76.6549, 1.00078
76.7177, 1.00034
76.7805, 1.00047
76.8434, 1.00079
76.9062, 1.00081
76.969, 1.00122
77.0319, 1.00038
77.0947, 1.00079
77.1575, 1.00035
77.2203, 1.00061
77.2832, 1.00026
77.346, 1.00178
77.4088, 1.00052
77.4717, 1.00205
77.5345, 1.00093
77.5973, 0.999905
77.6602, 1.00124
77.723, 0.999902
77.7858, 1.00015
77.8487, 1.00021
77.9115, 1.00051
77.9743, 1.0003
78.0372, 0.999794
78.1, 0.999241
78.1628, 0.999584
78.2257, 0.999879
78.2885, 1.00018
78.3513, 0.998977
78.4142, 0.999588
78.477, 1.00018
78.5398, 0.999832
78.6026, 0.999799
78.6655, 1.00027
78.7283, 1.0014
78.7911, 1.00056
78.854, 1.00082
78.9168, 0.999822
78.9796, 0.998206
79.0425, 0.998665
79.1053, 0.999641
79.1681, 0.999638
79.231, 0.998836
79.2938, 0.998304
79.3566, 0.999818
79.4195, 0.999254
79.4823, 0.999359
79.5451, 1.00008
79.608, 1.00079
79.6708, 1.00074
79.7336, 1.00016
79.7965, 1.00019
79.8593, 0.998704
79.9221, 0.999444
79.9849, 0.999017
80.0478, 0.999975
80.1106, 0.999268
80.1734, 1.00016
80.2363, 0.999625
80.2991, 0.999459
80.3619, 0.999642
80.4248, 0.999067
80.4876, 0.999359
80.5504, 0.999791
80.6133, 0.999512
80.6761, 0.99979
80.7389, 0.999504
80.8018, 1.00012
80.8646, 0.99962
80.9274, 1.0004
80.9903, 0.999764
81.0531, 0.999649
81.1159, 0.999268
81.1788, 0.999109
81.2416, 0.999385
81.3044, 0.998443
81.3672, 0.998179
81.4301, 0.999224
81.4929, 0.99999
81.5557, 1.00054
81.6186, 1.0003
81.6814, 0.99861
81.7442, 0.999195
81.8071, 1.00013
81.8699, 0.999794
81.9327, 0.99965
81.9956, 0.999641
82.0584, 0.999132
82.1212, 0.999433
82.1841, 0.999871
82.2469, 1.00035
82.3097, 0.998267
82.3726, 0.999412
82.4354, 0.998556
82.4982, 0.999797
82.5611, 1.00148
82.6239, 1.00027
82.6867, 1.00102
82.7496, 0.999954
82.8124, 1.00147
82.8752, 1.00027
82.938, 0.999137
83.0009, 1.00025
83.0637, 0.999406
83.1265, 0.999476
83.1894, 0.999666
83.2522, 1.00037
83.315, 1.00006
83.3779, 0.999559
83.4407, 0.999856
83.5035, 1.0007
83.5664, 1.00003
83.6292, 0.999128
83.692, 1.00077
83.7549, 0.999238
83.8177, 0.999375
83.8805, 0.999544
83.9434, 0.999499
84.0062, 0.999715
84.069, 1.00045
84.1319, 1.0007
84.1947, 1.00015
84.2575, 1.0004
84.3203, 0.999246
84.3832, 0.999541
84.446, 1.00046
84.5088, 0.999044
84.5717, 1.00014
84.6345, 1.00079
84.6973, 1.00041
84.7602, 0.999749
84.823, 1.00027
84.8858, 0.999791
84.9487, 1.00002
85.0115, 0.999732
85.0743, 1.00034
85.1372, 0.999126
85.2, 0.999629
85.2628, 0.999157
85.3257, 0.999636
85.3885, 0.999462
85.4513, 1.00009
85.5142, 1.00001
85.577, 1.00067
85.6398, 0.999659
85.7026, 1.00145
85.7655, 0.999511
85.8283, 0.999491
85.8911, 0.998322
85.954, 1.00076
86.0168, 1.00164
86.0796, 1.00011
86.1425, 1.00018
86.2053, 0.999433
86.2681, 0.999514
86.331, 0.999619
86.3938, 1.00058
86.4566, 1.00073
86.5195, 0.999857
86.5823, 0.999575
86.6451, 1.00029
86.708, 0.999512
86.7708, 0.999843
86.8336, 1.00088
86.8965, 1.00096
86.9593, 1.00017
87.0221, 0.999682
87.0849, 1.00016
87.1478, 0.999739
87.2106, 1.00111
87.2734, 1.00023
87.3363, 0.998252
87.3991, 0.999182
87.4619, 1.00045
87.5248, 0.999856
87.5876, 1.00068
87.6504, 0.998958
87.7133, 0.99985
87.7761, 0.999776
87.8389, 1.00046
87.9018, 1.00006
87.9646, 0.99961
88.0274, 0.999431
88.0903, 1.00025
88.1531, 0.999984
88.2159, 0.998665
88.2788, 0.999348
88.3416, 1.00073
88.4044, 0.998425
88.4672, 0.999896
88.5301, 0.999205
88.5929, 0.999276
88.6557, 0.998773
88.7186, 0.999982
88.7814, 0.998544
88.8442, 0.999174
88.9071, 1.00037
88.9699, 0.999134
89.0327, 0.999944
89.0956, 0.999534
89.1584, 0.999296
89.2212, 1.00029
89.2841, 1.00048
89.3469, 1.00026
89.4097, 0.999903
89.4726, 1.00081
89.5354, 1.00115
89.5982, 1.00032
89.6611, 0.999185
89.7239, 0.999451
89.7867, 0.999873
89.8495, 0.999914
89.9124, 1.00252
89.9752, 1.00094
90.038, 1.00083
90.1009, 1.00126
90.1637, 1.00124
90.2265, 1.00109
90.2894, 1.00071
90.3522, 1.00118
90.415, 1.0014
90.4779, 1.00034
90.5407, 1.00111
90.6035, 1.00061
90.6664, 1.00123
90.7292, 0.999211
90.792, 1.001
90.8549, 1.00023
90.9177, 0.999466
90.9805, 0.999936
91.0434, 0.999175
91.1062, 0.999573
91.169, 0.999153
91.2319, 1.00062
91.2947, 0.999182
91.3575, 0.998395
91.4203, 0.9999
91.4832, 0.99937
91.546, 0.999953
91.6088, 1.00009
91.6717, 1.0008
91.7345, 1.00057
91.7973, 0.999845
91.8602, 0.999255
91.923, 0.999317
91.9858, 0.998918
92.0487, 0.999105
92.1115, 0.999607
92.1743, 0.999776
92.2372, 1.00022
92.3, 1.00224
92.3628, 0.998922
92.4257, 1.00028
92.4885, 1.00037
92.5513, 1.00009
92.6142, 1.00125
92.677, 1.00035
92.7398, 1.00038
92.8026, 0.999556
92.8655, 1.00027
92.9283, 1.00039
92.9911, 1.00089
93.054, 1.00098
93.1168, 1.00007
93.1796, 1
93.2425, 1.00107
93.3053, 1.00058
93.3681, 1.00012
93.431, 0.999365
93.4938, 0.999608
93.5566, 1.00035
93.6195, 0.99965
93.6823, 1.00047
93.7451, 0.999929
93.808, 1.00003
93.8708, 0.999597
93.9336, 0.999882
93.9965, 1.00097
94.0593, 0.999949
94.1221, 1.00014
94.1849, 1.00051
94.2478, 0.998517
94.3106, 1.00021
94.3734, 1.0008
94.4363, 1.00099
94.4991, 1.00061
94.5619, 1.00052
94.6248, 1.00113
94.6876, 1.0004
94.7504, 1.00178
94.8133, 1.0007
94.8761, 0.99977
94.9389, 1.00138
95.0018, 1.00063
95.0646, 1.00033
95.1274, 1.00118
95.1903, 1.00119
95.2531, 1.00121
95.3159, 1.00029
95.3788, 0.999716
95.4416, 0.999147
95.5044, 1.00038
95.5672, 1.00057
95.6301, 0.999822
95.6929, 1.00015
95.7557, 0.999856
95.8186, 1.00023
95.8814, 1.00117
95.9442, 0.999175
96.0071, 1.00043
96.0699, 1.00025
96.1327, 0.998478
96.1956, 1.00019
96.2584, 0.999496
96.3212, 0.999271
96.3841, 0.999292
96.4469, 0.999413
96.5097, 0.999123
96.5726, 1.00005
96.6354, 0.999443
96.6982, 0.999658
96.7611, 0.999211
96.8239, 0.999714
96.8867, 0.998345
96.9495, 0.999092
97.0124, 0.999028
97.0752, 0.999658
97.138, 0.999742
97.2009, 0.999701
97.2637, 1.00056
97.3265, 1.0005
97.3894, 1.00116
97.4522, 0.999848
97.515, 0.999259
97.5779, 0.999521
97.6407, 1.00051
97.7035, 0.999336
97.7664, 0.999991
97.8292, 0.999221
97.892, 1.00019
97.9549, 0.998969
98.0177, 0.99967
98.0805, 1.00021
98.1434, 0.998998
98.2062, 0.999075
98.269, 0.99825
98.3319, 0.999167
98.3947, 0.998655
98.4575, 0.997958
98.5203, 0.998643
98.5832, 0.997833
98.646, 0.999896
98.7088, 0.99882
98.7717, 0.998763
98.8345, 0.999767
98.8973, 0.999404
98.9602, 0.999911
99.023, 0.999194
99.0858, 0.999427
99.1487, 1.00056
99.2115, 0.999565
99.2743, 0.999775
99.3372, 0.999422
99.4, 0.998303
99.4628, 0.997887
99.5257, 0.998002
99.5885, 0.999047
99.6513, 1.00036
99.7142, 0.99873
99.777, 0.999537
99.8398, 0.998288
99.9026, 0.998735
99.9655, 0.998171
100.028, 0.998815
100.091, 0.997884
100.154, 0.999296
100.217, 0.998088
100.28, 0.997997
100.342, 0.998967
100.405, 0.998396
100.468, 0.997956
100.531, 0.998516
100.594, 0.999089
100.657, 0.997866
100.719, 0.998238
100.782, 0.998256
100.845, 0.999305
100.908, 0.997845
100.971, 0.997803
101.034, 0.999479
101.096, 0.999051
101.159, 0.998051
101.222, 0.998575
101.285, 0.998388
101.348, 0.998688
101.411, 0.999064
101.473, 0.999056
101.536, 0.998609
101.599, 0.998076
101.662, 0.99823
101.725, 0.999728
101.788, 0.999181
101.85, 0.998847
101.913, 0.998295
101.976, 0.999525
102.039, 0.999029
102.102, 0.997936
102.165, 0.999437
102.227, 0.998749
102.29, 0.999592
102.353, 0.999
102.416, 0.998133
102.479, 0.999172
102.542, 0.998444
102.604, 0.998753
102.667, 0.997872
102.73, 0.997162
102.793, 0.998326
102.856, 0.99919
102.919, 0.99855
102.981, 0.998729
103.044, 0.997589
103.107, 0.998403
103.17, 0.999239
103.233, 0.999198
103.296, 0.998473
103.358, 0.997249
103.421, 0.997827
103.484, 0.997385
103.547, 0.998275
103.61, 0.998036
103.673, 0.998239
103.735, 0.998621
103.798, 0.997699
103.861, 0.998714
103.924, 0.998997
103.987, 0.998788
104.05, 0.997335
104.112, 0.999044
104.175, 0.998337
104.238, 0.998922
104.301, 0.998553
104.364, 0.999152
104.427, 0.998801
104.489, 0.998103
104.552, 0.998744
104.615, 0.998621
104.678, 0.998433
104.741, 0.998472
104.804, 0.999877
104.866, 0.999914
104.929, 0.998345
104.992, 0.999899
105.055, 0.999809
105.118, 0.998571
105.181, 0.998935
105.243, 0.999525
105.306, 0.998779
105.369, 0.998587
105.432, 1.00046
105.495, 0.999764
105.558, 1.00063
105.62, 1.00091
105.683, 0.99959
105.746, 1.00068
105.809, 1.00056
105.872, 1.00083
105.935, 1.00111
105.997, 1.00034
106.06, 1.00078
106.123, 1.00075
106.186, 1.00074
106.249, 1.00051
106.311, 1.00115
106.374, 0.999835
106.437, 1.00036
106.5, 1.00052
106.563, 0.998977
106.626, 0.999883
106.688, 1.00066
106.751, 1.00116
106.814, 1.00073
106.877, 1.00151
106.94, 1.00091
107.003, 1.00009
107.065, 1.00013
107.128, 1.00058
107.191, 1.00013
107.254, 1.00094
107.317, 1.00006
107.38, 1.00066
107.442, 1.00062
107.505, 0.999828
107.568, 0.999141
107.631, 0.999434
107.694, 0.998568
107.757, 1.00005
107.819, 0.999801
107.882, 1
107.945, 0.999006
108.008, 0.999658
108.071, 1.00034
108.134, 1.00005
108.196, 1.00158
108.259, 1.00067
108.322, 1.00054
108.385, 1.00018
108.448, 1.00021
108.511, 0.999892
108.573, 1.00136
108.636, 0.998863
108.699, 0.999038
108.762, 1.00081
108.825, 1.00145
108.888, 1.00033
108.95, 1.00104
109.013, 1.00117
109.076, 1.00151
109.139, 1.0002
109.202, 1.00094
109.265, 0.999667
109.327, 0.999873
109.39, 0.999542
109.453, 0.999279
109.516, 1.00088
109.579, 1.0008
109.642, 1.00061
109.704, 1.00066
109.767, 1.00143
109.83, 1.00031
109.893, 1.00149
109.956, 1.00016
110.019, 1.00002
110.081, 1.00102
110.144, 1.00054
110.207, 1.00152
110.27, 1.00183
110.333, 1.00008
110.396, 0.999101
110.458, 0.999642
110.521, 1.00073
110.584, 1.00095
110.647, 1.00034
110.71, 0.999325
110.773, 0.99984
110.835, 1.00094
110.898, 0.999939
110.961, 1.00005
111.024, 0.999253
111.087, 0.999855
111.15, 0.999499
111.212, 0.999504
111.275, 0.999877
111.338, 1.00087
111.401, 1.00017
111.464, 1.00053
111.527, 1.00025
111.589, 0.999226
111.652, 0.999125
111.715, 0.998733
111.778, 0.999704
111.841, 1.00028
111.904, 1.00039
111.966, 1.00022
112.029, 0.998679
112.092, 0.999519
112.155, 1.00057
112.218, 0.999891
112.281, 0.999974
112.343, 1.00095
112.406, 1.00033
112.469, 0.999703
112.532, 1.00108
112.595, 1.00027
112.658, 0.999339
112.72, 0.999538
112.783, 1.00014
112.846, 1.0005
112.909, 1.00011
112.972, 1.00002
113.035, 1.00045
113.097, 1.00001
113.16, 0.9995
113.223, 0.999018
113.286, 0.999679
113.349, 0.999111
113.411, 0.998595
113.474, 0.999877
113.537, 0.999032
113.6, 1.00009
113.663, 0.999937
113.726, 0.999919
113.788, 1.00017
113.851, 1.00009
113.914, 1.0005
113.977, 0.999849
114.04, 1.00027
114.103, 0.999387
114.165, 1.00081
114.228, 0.999365
114.291, 0.999921
114.354, 0.999052
114.417, 1.00066
114.48, 1.00005
114.542, 1.00103
114.605, 0.999832
114.668, 0.999548
114.731, 1.00024
114.794, 1.00022
114.857, 1.00025
114.919, 0.999129
114.982, 0.99973
115.045, 1.00178
115.108, 0.99904
115.171, 0.999947
115.234, 1.00051
115.296, 0.998954
115.359, 0.999765
115.422, 1.00057
115.485, 1.00109
115.548, 0.999199
115.611, 1.00007
115.673, 0.999668
115.736, 1.00073
115.799, 1.00055
115.862, 1.00051
115.925, 1.00057
115.988, 1.00038
116.05, 1.00044
116.113, 0.999394
116.176, 0.999994
116.239, 1.00162
116.302, 1.00066
116.365, 1.00117
116.427, 1.00134
116.49, 1.00037
116.553, 1.00064
116.616, 0.999837
116.679, 1.00027
116.742, 0.999744
116.804, 0.999305
116.867, 1.0003
116.93, 0.999403
116.993, 0.998957
117.056, 1.00145
117.119, 1.00158
117.181, 1.00034
117.244, 0.999279
117.307, 0.999887
117.37, 1.00088
117.433, 0.99988
117.496, 1.00004
117.558, 0.999105
117.621, 0.998948
117.684, 0.998296
117.747, 1.00012
117.81, 0.998921
117.873, 0.999106
117.935, 0.999472
117.998, 0.999857
118.061, 1.0007
118.124, 1.00077
118.187, 0.999964
118.25, 0.999801
118.312, 0.999128
118.375, 1.00015
118.438, 0.999985
118.501, 1.00046
118.564, 0.999374
118.627, 1.00096
118.689, 0.999376
118.752, 1.00033
118.815, 1.00009
118.878, 1.00216
118.941, 0.999876
119.004, 0.999831
119.066, 1.00002
119.129, 1.00061
119.192, 1.00024
119.255, 0.999666
119.318, 1.00097
119.381, 1.0017
119.443, 1.00002
119.506, 1.00116
119.569, 1.00088
119.632, 1.00023
119.695, 1.0009
119.758, 1.00047
119.82, 0.999538
119.883, 1.0005
119.946, 0.999096
120.009, 1.00015
120.072, 0.999425
120.135, 0.9997
120.197, 1.00048
120.26, 1.00039
120.323, 0.999366
120.386, 1.00001
120.449, 0.999463
120.511, 0.999083
120.574, 0.999523
120.637, 0.999843
120.7, 0.999056
120.763, 0.999589
120.826, 0.999455
120.888, 0.998601
120.951, 0.999048
121.014, 0.999601
121.077, 0.99879
121.14, 1.00022
121.203, 1.00099
121.265, 1.00093
121.328, 0.999695
121.391, 0.999894
121.454, 1.00042
121.517, 0.999464
121.58, 1.00002
121.642, 0.999702
121.705, 1.0006
121.768, 0.999681
121.831, 0.999219
121.894, 0.998346
121.957, 0.998169
122.019, 0.999304
122.082, 0.998864
122.145, 0.998942
122.208, 0.999617
122.271, 0.999286
122.334, 0.999428
122.396, 1.00059
122.459, 0.999307
122.522, 1.00016
122.585, 0.998503
122.648, 0.99865
122.711, 0.99995
122.773, 0.999264
122.836, 0.999552
122.899, 0.999423
122.962, 1.00155
123.025, 0.999503
123.088, 0.998807
123.15, 0.99977
123.213, 0.999742
123.276, 1.00015
123.339, 1.00048
123.402, 1.00041
123.465, 1.00111
123.527, 0.999278
123.59, 1.00011
123.653, 1.00067
123.716, 1.00119
123.779, 1.00035
123.842, 1.00055
123.904, 1.00084
123.967, 1.00126
124.03, 1.00008
124.093, 1.0003
124.156, 1.00007
124.219, 1.00146
124.281, 1.0023
124.344, 0.999499
124.407, 0.999997
124.47, 1.00075
124.533, 1.00169
124.596, 1.00125
124.658, 1.0003
124.721, 1.00171
124.784, 1.00031
124.847, 1.00107
124.91, 1.00026
124.973, 1.00027
125.035, 1.00069
125.098, 1.00079
125.161, 1.0002
125.224, 1.0013
125.287, 0.999773
125.35, 0.999348
125.412, 0.999203
125.475, 0.999468
125.538, 0.999901
125.601, 1.00096
125.664, 0.999364
125.727, 1.00061
125.789, 0.999872
125.852, 0.999019
125.915, 0.999756
125.978, 1.00116
126.041, 1.00061
126.104, 0.999562
126.166, 1.00037
126.229, 0.999918
126.292, 0.99992
126.355, 0.999352
126.418, 0.999798
126.481, 0.999237
126.543, 0.999722
126.606, 1.00062
126.669, 1.00139
126.732, 1.00049
126.795, 1.00002
126.858, 1.00009
126.92, 1.00167
126.983, 1.00121
127.046, 1.00019
127.109, 0.999481
127.172, 1.00173
127.235, 0.999883
127.297, 0.999183
127.36, 1.00036
127.423, 0.999655
127.486, 0.999723
127.549, 0.999208
127.611, 1.00015
127.674, 0.999496
127.737, 0.998725
127.8, 0.999317
127.863, 1.00061
127.926, 0.999753
127.988, 1.00027
128.051, 1.0008
128.114, 1.0017
128.177, 1.00125
128.24, 1.00066
128.303, 1.00107
128.365, 1.00088
128.428, 0.999918
128.491, 0.999683
128.554, 0.999803
128.617, 1.00034
128.68, 1.0004
128.742, 0.99987
128.805, 1.00007
128.868, 1.00042
128.931, 1.00121
128.994, 1.00017
129.057, 1.00046
129.119, 1.00056
129.182, 0.99951
129.245, 1.00065
129.308, 0.999779
129.371, 1.00035
129.434, 0.999692
129.496, 0.999935
129.559, 0.999624
129.622, 1.00014
129.685, 0.999578
129.748, 0.998911
129.811, 0.999979
129.873, 1.00097
129.936, 0.999459
129.999, 0.999691
130.062, 0.999821
130.125, 0.99984
130.188, 0.999577
130.25, 0.999036
130.313, 0.99959
130.376, 0.999356
130.439, 0.999818
130.502, 1.00162
130.565, 1.00074
130.627, 1.00063
130.69, 1.00156
130.753, 1.00179
130.816, 1.00105
130.879, 1.00076
130.942, 1.00037
131.004, 1.00043
131.067, 1.0002
131.13, 1.0002
131.193, 0.999817
131.256, 0.999315
131.319, 0.99953
131.381, 1.00091
131.444, 1.0003
131.507, 1.00023
131.57, 1.00029
131.633, 1.00012
131.696, 1.00131
131.758, 1.00002
131.821, 1.00001
131.884, 0.998388
131.947, 1.00048
132.01, 0.99993
132.073, 0.997861
132.135, 0.999089
132.198, 0.999875
132.261, 0.999397
132.324, 1.0019
132.387, 1.0008
132.45, 0.999954
132.512, 0.999329
132.575, 1.00066
132.638, 0.999666
132.701, 0.999492
132.764, 1.001
132.827, 1.00065
132.889, 1.00096
132.952, 1.00127
133.015, 1.0019
133.078, 1.00057
133.141, 1.00047
133.204, 1.00054
133.266, 1.00078
133.329, 1.00099
133.392, 1.00078
133.455, 1.00077
133.518, 1.00017
133.581, 1.00101
133.643, 1.0015
133.706, 1.00058
133.769, 1.0009
133.832, 1.00186
133.895, 1.00045
133.958, 1.00099
134.02, 1.00154
134.083, 0.999513
134.146, 1.00006
134.209, 0.999586
134.272, 1.00101
134.335, 1.00021
134.397, 1.00053
134.46, 1.00127
134.523, 1.00064
134.586, 1.00079
134.649, 1.00028
134.711, 1.0004
134.774, 1.00049
134.837, 1.00142
134.9, 0.998873
134.963, 1.00109
135.026, 1.00113
135.088, 1.0004
135.151, 0.999923
135.214, 1.00047
135.277, 1.00008
135.34, 1.00016
135.403, 1.00076
135.465, 1.00119
135.528, 1.00065
135.591, 1.00054
135.654, 0.998619
135.717, 0.999479
135.78, 0.999469
135.842, 1.00018
135.905, 0.998754
135.968, 0.999107
136.031, 1.00029
136.094, 0.999347
136.157, 1.00001
136.219, 1.00154
136.282, 1.0009
136.345, 1.00043
136.408, 1.00021
136.471, 1.00009
136.534, 1.00019
136.596, 1.00145
136.659, 1.00053
136.722, 1.00067
136.785, 1.00073
136.848, 1.00114
136.911, 1.00052
136.973, 1.00141
137.036, 1.00193
137.099, 1.00055
137.162, 1.00135
137.225, 1.00161
137.288, 1.00108
137.35, 1.00223
137.413, 1.00121
137.476, 1.00115
137.539, 1.00268
137.602, 1.00098
137.665, 1.00233
137.727, 1.00274
137.79, 1.00104
137.853, 1.00121
137.916, 1.00056
137.979, 1.00004
138.042, 1.001
138.104, 1.00162
138.167, 1.00025
138.23, 1.0011
138.293, 1.00038
138.356, 1.00068
138.419, 0.999781
138.481, 1.00083
138.544, 0.999978
138.607, 1.00066
138.67, 1.00067
138.733, 1.00042
138.796, 1.00057
138.858, 1.00127
138.921, 0.999955
138.984, 0.999551
139.047, 0.998855
139.11, 1.00056
139.173, 0.999721
139.235, 1.00044
139.298, 0.998925
139.361, 1.00053
139.424, 0.999174
139.487, 1.00028
139.55, 0.999184
139.612, 0.998484
139.675, 0.999014
139.738, 0.999011
139.801, 0.999085
139.864, 0.999748
139.927, 1.00006
139.989, 0.999618
140.052, 0.999167
140.115, 1.00041
140.178, 1.00039
140.241, 1.00041
140.304, 0.999844
140.366, 0.99996
140.429, 0.999507
140.492, 1.00009
140.555, 1.00168
140.618, 1.00129
140.681, 0.999932
140.743, 1.00051
140.806, 1.00001
140.869, 1.00054
140.932, 1.00088
140.995, 1.00079
141.058, 1.0025
141.12, 1.00069
141.183, 1.00152
141.246, 1.00061
141.309, 1.00095
141.372, 1.00098
141.435, 1.00085
141.497, 0.999486
141.56, 1.00122
141.623, 1.00098
141.686, 1.00004
141.749, 1.00073
141.811, 1.00083
141.874, 1.00013
141.937, 1.00003
142, 1.00123
142.063, 1.00064
142.126, 1.00018
142.188, 1.00027
142.251, 0.999805
142.314, 1.00095
142.377, 1.00041
142.44, 1.00078
142.503, 1.0002
142.565, 1.00057
142.628, 0.999965
142.691, 0.999758
142.754, 1.00004
142.817, 1.00039
142.88, 1.00127
142.942, 0.999903
143.005, 1.00089
143.068, 0.999674
143.131, 1.00007
143.194, 1.00109
143.257, 1.00198
143.319, 1.00163
143.382, 1.00121
143.445, 1.00069
143.508, 0.99926
143.571, 1.00055
143.634, 1.00041
143.696, 0.999223
143.759, 0.999531
143.822, 0.999231
143.885, 1.00037
143.948, 1.00079
144.011, 1.00045
144.073, 1.00248
144.136, 1.00179
144.199, 0.999986
144.262, 1.00013
144.325, 0.998878
144.388, 0.99997
144.45, 0.998502
144.513, 0.999824
144.576, 1.00004
144.639, 1.001
144.702, 1.00026
144.765, 1.00004
144.827, 1.00081
144.89, 0.999392
144.953, 0.999223
145.016, 0.999621
145.079, 0.999149
145.142, 0.99917
145.204, 1.00025
145.267, 1.00029
145.33, 0.999607
145.393, 0.999303
145.456, 0.999566
145.519, 0.998612
145.581, 0.999465
145.644, 1.00013
145.707, 1.00012
145.77, 0.999267
145.833, 0.999282
145.896, 0.999155
145.958, 1.00033
146.021, 1.00049
146.084, 0.999499
146.147, 0.999219
146.21, 0.999487
146.273, 0.99888
146.335, 0.999676
146.398, 0.999273
146.461, 1.00024
146.524, 0.999484
146.587, 0.999765
146.65, 0.9986
146.712, 1.00016
146.775, 0.999671
146.838, 0.999907
146.901, 1.00103
146.964, 0.999865
147.027, 0.999727
147.089, 0.999665
147.152, 1.00069
147.215, 0.999136
147.278, 0.999848
147.341, 0.999364
147.404, 0.999931
147.466, 0.999771
147.529, 0.999323
147.592, 0.999486
147.655, 1.00002
147.718, 0.999726
147.781, 0.999323
147.843, 1.00081
147.906, 0.999532
147.969, 0.99924
148.032, 1.0004
148.095, 0.999823
148.158, 0.998491
148.22, 0.998848
148.283, 0.998954
148.346, 0.999328
148.409, 0.99946
148.472, 1.00025
148.535, 0.999306
148.597, 0.99982
148.66, 1.00158
148.723, 0.999941
148.786, 0.999958
148.849, 1.00029
148.911, 1.00105
148.974, 0.999316
149.037, 0.999545
149.1, 1.00092
149.163, 0.999573
149.226, 0.999886
149.288, 0.999306
149.351, 1.00021
149.414, 1.00079
149.477, 0.999329
149.54, 0.999779
149.603, 1.0004
149.665, 0.999807
149.728, 0.999866
149.791, 1.00064
149.854, 1.00023
149.917, 0.999812
149.98, 1.00028
150.042, 0.999964
150.105, 1.00095
150.168, 1
150.231, 1.00084
150.294, 1.00081
150.357, 1.00127
150.419, 1.00038
150.482, 0.999527
150.545, 0.999953
150.608, 1.00022
150.671, 1.00023
150.734, 1.00011
150.796, 0.998962
150.859, 0.999828
150.922, 1.00012
150.985, 0.998623
151.048, 0.999653
151.111, 1.0004
151.173, 0.999159
151.236, 1.00066
151.299, 1.00091
151.362, 0.99923
151.425, 0.999404
151.488, 0.999326
151.55, 1.00004
151.613, 1.00057
151.676, 1.00133
151.739, 0.99946
151.802, 1.00016
151.865, 1.00039
151.927, 0.999419
151.99, 0.999339
152.053, 1.00099
152.116, 1.00143
152.179, 1.00116
152.242, 1.00095
152.304, 0.999358
152.367, 1.00006
152.43, 1.00059
152.493, 0.999352
152.556, 1.00011
152.619, 1.00024
152.681, 0.998943
152.744, 0.998103
152.807, 1.00122
152.87, 0.999259
152.933, 0.998871
152.996, 0.999217
153.058, 1.00014
153.121, 1
153.184, 1.00115
153.247, 1.00077
153.31, 1.00076
153.373, 0.999487
153.435, 1.00049
153.498, 1.00087
153.561, 1.00061
153.624, 1.00117
153.687, 0.99996
153.75, 0.999233
153.812, 1.00007
153.875, 0.99963
153.938, 0.99931
154.001, 0.998133
154.064, 0.998795
154.127, 1.00066
154.189, 1.00005
154.252, 1.00041
154.315, 1.0009
154.378, 1.00224
154.441, 1.0002
154.504, 1.00128
154.566, 1.00061
154.629, 1.00029
154.692, 1.00035
154.755, 0.99956
154.818, 1.00067
154.881, 1.00015
154.943, 0.998905
155.006, 1.00081
155.069, 1.00033
155.132, 0.999616
155.195, 1.00132
155.258, 1.00095
155.32, 1.00066
155.383, 1.0004
155.446, 1.00172
155.509, 1.00068
155.572, 1.00098
155.635, 1.00048
155.697, 1.00046
155.76, 1.00072
155.823, 1.00089
155.886, 1.00108
155.949, 1.0007
156.011, 1.00019
156.074, 1.00066
156.137, 1.00047
156.2, 1.00088
156.263, 1.00142
156.326, 0.999849
156.388, 0.999746
156.451, 1.00105
156.514, 1.0013
156.577, 1.00141
156.64, 1.00226
156.703, 1.00193
156.765, 1.0007
156.828, 1.00069
156.891, 1.00073
156.954, 1.00187
157.017, 1.00056
157.08, 1.00295
157.142, 1.00112
157.205, 1.00129
157.268, 1.0006
157.331, 1.00127
157.394, 1.00095
157.457, 1.00074
157.519, 1.00098
157.582, 1.00071
157.645, 1.00099
157.708, 1.00092
157.771, 1.00017
157.834, 1.00102
157.896, 1.00136
157.959, 1.00198
158.022, 1.00127
158.085, 1.00307
158.148, 1.00208
158.211, 1.00141
158.273, 1.00168
158.336, 1.00081
158.399, 0.999829
158.462, 1.00127
158.525, 1.00213
158.588, 1.00136
158.65, 1.00099
158.713, 0.998462
158.776, 1.00077
158.839, 1.00091
158.902, 1.00162
158.965, 1.00139
159.027, 1.00209
159.09, 1.00065
159.153, 1.00134
159.216, 1.00072
159.279, 1.00058
159.342, 1.00038
159.404, 1.00052
159.467, 1.00014
159.53, 1.00097
159.593, 1.00088
159.656, 1.0001
159.719, 1.00024
159.781, 1.00082
159.844, 1.00117
159.907, 1.00172
159.97, 1.00111
160.033, 1.00149
160.096, 1.00228
160.158, 1.00096
160.221, 1.00099
160.284, 1.00061
160.347, 1.00132
160.41, 0.999636
160.473, 1.00093
160.535, 0.99964
160.598, 0.999513
160.661, 1.00049
160.724, 1.00104
160.787, 1.00189
160.85, 1.00115
160.912, 0.999823
160.975, 0.999886
161.038, 0.999787
161.101, 1.00004
161.164, 1.00021
161.227, 0.998493
161.289, 1.001
161.352, 1.00068
161.415, 0.99938
161.478, 1.00017
161.541, 0.998718
161.604, 0.99955
161.666, 1.00093
161.729, 0.999264
161.792, 0.999307
161.855, 0.999561
161.918, 1.00097
161.981, 1.00022
162.043, 1.00041
162.106, 0.999801
162.169, 0.999951
162.232, 0.999326
162.295, 1.00011
162.358, 1.00032
162.42, 1.00046
162.483, 1.00051
162.546, 1.00045
162.609, 0.999504
162.672, 1.00015
162.734, 1.00026
162.797, 1.00059
162.86, 1.00015
162.923, 1.00067
162.986, 1.00076
163.049, 0.999867
163.111, 0.999913
163.174, 1.0016
163.237, 1.00042
163.3, 0.999758
163.363, 1.00013
163.426, 1.00024
163.488, 1.00083
163.551, 0.999621
163.614, 0.999945
163.677, 0.997647
163.74, 0.999912
163.803, 1.00006
163.865, 1.00072
163.928, 1.00085
163.991, 1.00042
164.054, 0.999172
164.117, 1.0001
164.18, 1.00022
164.242, 1.00041
164.305, 1.00017
164.368, 1.00022
164.431, 1.00055
164.494, 0.999307
164.557, 1.00082
164.619, 1.00108
164.682, 1.00038
164.745, 1.00022
164.808, 1.00053
164.871, 1.00027
164.934, 0.999518
164.996, 0.99963
165.059, 0.99973
165.122, 0.999955
165.185, 1.00067
165.248, 0.999608
165.311, 1.00007
165.373, 1.00049
165.436, 1.00003
165.499, 0.999967
165.562, 1.00095
165.625, 1.00027
165.688, 0.999707
165.75, 0.999824
165.813, 1.00023
165.876, 0.999409
165.939, 1.00151
166.002, 1.00061
166.065, 0.999766
166.127, 1.00049
166.19, 1.00105
166.253, 0.99904
166.316, 0.998441
166.379, 0.999126
166.442, 1.00001
166.504, 0.999216
166.567, 0.999054
166.63, 0.999894
166.693, 0.999748
166.756, 0.999107
166.819, 0.99858
166.881, 0.999824
166.944, 1.00033
167.007, 0.999546
167.07, 1.00048
167.133, 0.999609
167.196, 0.999946
167.258, 1.00004
167.321, 0.998325
167.384, 1.00089
167.447, 1.00081
167.51, 0.999603
167.573, 0.999905
167.635, 1.0007
167.698, 1.00061
167.761, 0.999682
167.824, 0.999978
167.887, 0.998508
167.95, 1.00052
168.012, 1.00036
168.075, 1.00039
168.138, 0.999737
168.201, 0.999256
168.264, 0.99991
168.327, 1.00022
168.389, 1.00118
168.452, 0.999648
168.515, 1.00046
168.578, 1.00062
168.641, 0.999971
168.704, 1.00105
168.766, 1.00084
168.829, 1.00089
168.892, 1.00004
168.955, 1.00059
169.018, 1.00039
169.081, 1.00138
169.143, 1.00111
169.206, 1.00181
169.269, 0.998687
169.332, 0.999404
169.395, 1.00068
169.458, 1.00083
169.52, 1.00041
169.583, 1.00077
169.646, 1.00013
169.709, 1.00011
169.772, 1.00005
169.834, 0.999968
169.897, 1.00188
169.96, 1.00228
170.023, 1.0017
170.086, 1.00153
170.149, 1.0013
170.211, 1.00013
170.274, 1.00152
170.337, 1.00112
170.4, 0.999909
170.463, 1.00051
170.526, 1.00199
170.588, 1.00088
170.651, 1.00036
170.714, 0.999896
170.777, 1.00118
170.84, 1.0018
170.903, 1.00176
170.965, 1.00092
171.028, 1.00059
171.091, 1.00063
171.154, 1.00059
171.217, 1.00082
171.28, 1.00047
171.342, 1.00071
171.405, 1.00139
171.468, 1.00138
171.531, 1.00193
171.594, 1.00138
171.657, 1.00123
171.719, 0.999999
171.782, 1.00072
171.845, 1.00063
171.908, 1.0006
171.971, 1.00011
172.034, 0.999613
172.096, 0.999348
172.159, 1.00009
172.222, 0.999832
172.285, 1.00008
172.348, 0.999309
172.411, 0.999786
172.473, 1.00012
172.536, 0.999907
172.599, 1.00071
172.662, 1.00163
172.725, 1.00189
172.788, 1.00134
172.85, 0.99988
172.913, 1.00116
172.976, 1.0019
173.039, 1.00074
173.102, 1.00023
173.165, 1.00114
173.227, 1.00222
173.29, 1.00244
173.353, 1.00138
173.416, 1.0021
173.479, 1.00093
173.542, 1.0004
173.604, 0.999858
173.667, 0.999157
173.73, 1.00057
173.793, 1.00107
173.856, 1.00025
173.919, 1.00179
173.981, 1.00141
174.044, 1.00043
174.107, 1.00034
174.17, 1.00184
174.233, 0.999856
174.296, 0.999584
174.358, 0.999634
174.421, 1.00089
174.484, 1.00066
174.547, 1.00115
174.61, 1.00072
174.673, 0.999589
174.735, 1.00034
174.798, 1.00037
174.861, 1.00147
174.924, 1.00033
174.987, 1.0007
175.05, 0.999967
175.112, 1.00048
175.175, 1.00064
175.238, 1.00042
175.301, 1.0015
175.364, 1.00036
175.427, 1.00039
175.489, 0.999706
175.552, 1.00069
175.615, 1.00119
175.678, 1.00157
175.741, 1.00182
175.804, 1.00146
175.866, 1.00085
175.929, 1.00224
175.992, 1.00058
176.055, 1.00065
176.118, 1.00008
176.181, 1.00209
176.243, 1.00122
176.306, 1.00167
176.369, 1.00114
176.432, 1.00201
176.495, 1.00164
176.558, 1.00151
176.62, 1.00136
176.683, 1.00224
176.746, 1.00115
176.809, 1.00272
176.872, 1.00197
176.934, 1.00096
176.997, 1.00094
177.06, 1.0012
177.123, 1.00059
177.186, 1.00235
177.249, 1.00117
177.311, 0.999832
177.374, 1.00102
177.437, 1.0017
177.5, 1.00191
177.563, 1.00237
177.626, 1.00072
177.688, 1.00083
177.751, 1.00111
177.814, 0.999855
177.877, 1.00012
177.94, 1.00025
178.003, 1.0015
178.065, 1.00085
178.128, 1.00123
178.191, 0.99972
178.254, 0.99925
178.317, 0.999715
178.38, 1.00092
178.442, 0.999597
178.505, 1.00069
178.568, 1.00072
178.631, 0.999813
178.694, 1.00014
178.757, 0.999855
178.819, 1.00107
178.882, 0.999574
178.945, 1.00064
179.008, 1.00149
179.071, 1.00147
179.134, 1.00056
179.196, 1.00008
179.259, 1.00017
179.322, 0.999983
179.385, 0.999704
179.448, 1.00051
179.511, 0.999775
179.573, 0.999967
179.636, 1.00041
179.699, 1.00044
179.762, 1.00152
179.825, 1.00087
179.888, 1.00069
179.95, 0.999834
180.013, 1.00061
180.076, 1
180.139, 1.00004
180.202, 0.999787
180.265, 1.00256
180.327, 1.00124
180.39, 1.00084
180.453, 1.00078
180.516, 1.00053
180.579, 0.999523
180.642, 0.999904
180.704, 1.00063
180.767, 1.00006
180.83, 1.00013
180.893, 0.999487
180.956, 0.999866
181.019, 0.999849
181.081, 0.998989
181.144, 1.00064
181.207, 1.00017
181.27, 0.999981
181.333, 0.999553
181.396, 1.00047
181.458, 0.999525
181.521, 0.998419
181.584, 0.998697
181.647, 1.00028
181.71, 0.999887
181.773, 0.998858
181.835, 0.999135
181.898, 0.999188
181.961, 0.999971
182.024, 0.999695
182.087, 1.00037
182.15, 0.999247
182.212, 0.999299
182.275, 0.998169
182.338, 0.999476
182.401, 0.999604
182.464, 0.99951
182.527, 0.998412
182.589, 0.999351
182.652, 1.00057
182.715, 0.998508
182.778, 0.999432
182.841, 0.99922
182.904, 0.999861
182.966, 0.999418
183.029, 0.999988
183.092, 0.999987
183.155, 0.999777
183.218, 0.998918
183.281, 0.998889
183.343, 0.99979
183.406, 1.00097
183.469, 0.999661
183.532, 1.00009
183.595, 0.999561
183.658, 1.00027
183.72, 1.00019
183.783, 0.998957
183.846, 0.999688
183.909, 0.999011
183.972, 0.999537
184.034, 0.99862
184.097, 0.999151
184.16, 1.00099
184.223, 1.0006
184.286, 0.999415
184.349, 0.998841
184.411, 0.999308
184.474, 0.998178
184.537, 0.999708
184.6, 0.999683
184.663, 1.00034
184.726, 0.999932
184.788, 1.00004
184.851, 1.00154
184.914, 1.00028
184.977, 0.999824
185.04, 0.999565
185.103, 0.999061
185.165, 0.99845
185.228, 0.999246
185.291, 0.999292
185.354, 0.999728
185.417, 1.00015
185.48, 0.999226
185.542, 0.997493
185.605, 0.99906
185.668, 0.99935
185.731, 1.00028
185.794, 0.999405
185.857, 1.0001
185.919, 1.00011
185.982, 0.999527
186.045, 1.00011
186.108, 1.00037
186.171, 1.00056
186.234, 1
186.296, 0.999723
186.359, 0.999593
186.422, 1.00039
186.485, 1.00082
186.548, 0.999085
186.611, 1.00058
186.673, 1.00086
186.736, 1.00003
186.799, 1.00063
186.862, 0.999812
186.925, 0.99939
186.988, 0.998736
187.05, 0.998341
187.113, 0.99951
187.176, 0.997882
187.239, 1.00051
187.302, 0.999423
187.365, 0.999469
187.427, 0.998765
187.49, 0.999735
187.553, 1.00005
187.616, 0.999448
187.679, 1.00003
187.742, 0.998412
187.804, 0.998577
187.867, 0.999084
187.93, 0.997899
187.993, 0.998774
188.056, 0.998808
188.119, 1.00029
188.181, 0.999769
188.244, 1.00051
188.307, 1.00035
188.37, 1.00014
188.433, 0.999696
188.496, 0.999629
188.558, 0.999581
188.621, 0.99894
188.684, 0.998162
188.747, 0.998047
188.81, 0.999519
188.873, 0.99863
188.935, 1.00013
188.998, 1.00006
189.061, 0.999577
189.124, 1.00039
189.187, 0.99883
189.25, 0.998303
189.312, 0.999274
189.375, 0.999452
189.438, 1.00023
189.501, 1.00017
189.564, 1.00042
189.627, 0.998978
189.689, 0.999726
189.752, 0.999637
189.815, 0.999524
189.878, 0.998608
189.941, 0.998645
190.004, 0.999274
190.066, 0.998708
190.129, 0.998536
190.192, 0.998631
190.255, 0.999043
190.318, 0.998537
190.381, 0.999013
190.443, 0.99942
190.506, 1.00033
190.569, 0.999366
190.632, 0.999912
190.695, 0.998711
190.758, 0.999393
190.82, 0.99918
190.883, 0.998382
190.946, 0.998577
191.009, 0.997367
191.072, 0.998076
191.134, 0.997777
191.197, 0.997958
191.26, 0.999566
191.323, 0.99909
191.386, 0.998624
191.449, 0.998838
191.511, 0.998804
191.574, 0.999197
191.637, 0.997657
191.7, 0.998629
191.763, 0.999016
191.826, 1.00053
191.888, 0.998797
191.951, 0.999265
192.014, 0.999553
192.077, 0.999683
192.14, 0.999607
192.203, 0.99976
192.265, 0.999826
192.328, 1.00015
192.391, 1.00091
192.454, 1.00003
192.517, 0.999373
192.58, 0.999494
192.642, 0.999288
192.705, 0.999644
192.768, 0.99929
192.831, 0.999708
192.894, 0.999079
192.957, 1.00031
193.019, 0.999981
193.082, 1.00025
193.145, 0.99908
193.208, 0.998621
193.271, 0.999704
193.334, 1.00064
193.396, 0.999699
193.459, 1.00064
193.522, 1.00133
193.585, 1.00027
193.648, 1.00075
193.711, 0.999582
193.773, 1.00069
193.836, 0.999275
193.899, 0.998899
193.962, 0.999891
194.025, 0.999402
194.088, 0.999573
194.15, 1.00053
194.213, 1.00036
194.276, 1.00145
194.339, 0.999717
194.402, 1.00039
194.465, 1.00031
194.527, 0.999464
194.59, 0.999777
194.653, 1.00016
194.716, 0.999856
194.779, 0.999809
194.842, 0.999839
194.904, 0.999389
194.967, 0.998909
195.03, 0.999554
195.093, 0.99824
195.156, 0.99908
195.219, 0.999032
195.281, 0.999506
195.344, 0.999963
195.407, 0.99879
195.47, 0.998859
195.533, 0.998956
195.596, 0.999123
195.658, 0.999485
195.721, 0.999539
195.784, 0.999202
195.847, 0.999148
195.91, 1.0002
195.973, 0.99974
196.035, 0.999964
196.098, 1.00071
196.161, 1.00064
196.224, 1.00012
196.287, 0.999593
196.35, 0.998668
196.412, 0.999592
196.475, 1.00003
196.538, 0.999726
196.601, 1.00021
196.664, 1.00066
196.727, 1.00008
196.789, 0.999341
196.852, 0.999341
196.915, 1.00042
196.978, 0.999863
197.041, 0.999322
197.104, 1.00025
197.166, 1.00114
197.229, 0.99943
197.292, 0.999619
197.355, 0.999265
197.418, 1.00002
197.481, 0.999744
197.543, 1.00099
197.606, 1.0004
197.669, 1.00064
197.732, 0.999557
197.795, 1.00023
197.858, 0.99879
197.92, 1.00072
197.983, 0.999456
198.046, 1.0005
198.109, 0.999889
198.172, 1.0004
198.234, 1.00061
198.297, 1.00052
198.36, 1.00092
198.423, 1.00039
198.486, 1.00075
198.549, 1.00021
198.611, 1.00135
198.674, 1.00081
198.737, 0.999293
198.8, 0.999531
198.863, 0.999349
198.926, 0.999906
198.988, 0.999373
199.051, 1.00007
199.114, 0.999491
199.177, 0.9998
199.24, 1.00108
199.303, 1.00058
199.365, 1.00013
199.428, 0.998776
199.491, 0.999081
199.554, 0.999075
199.617, 1.00016
199.68, 0.998787
199.742, 0.999865
199.805, 0.998733
199.868, 1.00013
199.931, 0.999191
199.994, 0.99913
200.057, 0.998899
200.119, 0.99935
200.182, 0.998302
200.245, 0.998844
200.308, 0.999617
200.371, 0.999466
200.434, 0.998829
200.496, 0.998446
200.559, 0.999826
200.622, 0.999677
200.685, 1.00055
200.748, 0.999423
200.811, 0.998779
200.873, 0.999121
200.936, 0.998718
200.999, 1.00045
201.062, 1.00067
201.125, 0.998994
201.188, 0.999228
201.25, 0.999552
201.313, 0.998953
201.376, 0.999425
201.439, 0.999074
201.502, 0.997897
201.565, 0.998771
201.627, 0.998428
201.69, 0.997486
201.753, 0.999262
201.816, 1.00044
201.879, 0.998658
201.942, 1.00037
202.004, 0.998633
202.067, 0.999835
202.13, 0.998125
202.193, 0.999406
202.256, 0.999936
202.319, 1.00115
202.381, 1.00073
202.444, 0.999964
202.507, 0.999176
202.57, 0.999372
202.633, 0.999554
202.696, 0.999468
202.758, 0.998872
202.821, 0.999421
202.884, 0.999328
202.947, 0.998797
203.01, 0.997269
203.073, 0.998751
203.135, 0.998388
203.198, 1.00054
203.261, 0.998471
203.324, 0.99866
203.387, 0.999249
203.45, 0.99899
203.512, 0.998414
203.575, 0.999627
203.638, 0.999092
203.701, 0.999122
203.764, 0.999609
203.827, 1.00002
203.889, 0.998976
203.952, 0.998756
204.015, 0.998092
204.078, 0.998294
204.141, 0.998637
204.204, 0.998706
204.266, 0.998979
204.329, 0.998941
204.392, 0.99884
204.455, 0.999152
204.518, 0.99992
204.581, 0.999581
204.643, 1.00014
204.706, 0.999137
204.769, 1.00011
204.832, 1.00019
204.895, 1.00085
204.958, 0.999952
205.02, 0.999116
205.083, 0.99929
205.146, 1.00138
205.209, 1.00088
205.272, 1.00044
205.334, 0.999963
205.397, 1.00141
205.46, 1.00131
205.523, 1.00006
205.586, 1.00034
205.649, 1.00053
205.711, 0.999484
205.774, 0.999931
205.837, 1.00059
205.9, 1.00015
205.963, 1.00034
206.026, 1.00027
206.088, 1.00012
206.151, 1.00025
206.214, 0.999224
206.277, 1.00158
206.34, 1.00066
206.403, 0.999476
206.465, 0.999519
206.528, 1.00049
206.591, 0.999638
206.654, 1.00039
206.717, 0.999968
206.78, 1.00056
206.842, 1.00021
206.905, 1.0003
206.968, 1.00167
207.031, 1.00017
207.094, 0.999686
207.157, 1.00037
207.219, 0.999901
207.282, 1.00055
207.345, 0.999914
207.408, 1.00045
207.471, 1.00021
207.534, 0.99924
207.596, 0.999632
207.659, 1.00087
207.722, 0.9997
207.785, 1.00082
207.848, 1.00092
207.911, 0.99917
207.973, 0.999603
208.036, 1.00031
208.099, 0.99879
208.162, 1.00094
208.225, 0.998865
208.288, 0.998577
208.35, 0.999335
208.413, 1.00036
208.476, 1.00091
208.539, 0.999478
208.602, 1.00024
208.665, 0.998444
208.727, 0.999673
208.79, 1.00088
208.853, 1.00015
208.916, 1.00077
208.979, 1.00018
209.042, 0.999467
209.104, 1.00065
209.167, 1.00033
209.23, 1.00003
209.293, 0.999657
209.356, 1.00041
209.419, 0.998733
209.481, 0.999029
209.544, 0.998928
209.607, 0.999862
209.67, 1.00073
209.733, 0.999573
209.796, 1.00044
209.858, 0.999659
209.921, 0.999258
209.984, 1.00056
210.047, 1.00057
210.11, 0.999869
210.173, 1.00076
210.235, 1.00052
210.298, 1.0017
210.361, 1.00085
210.424, 1.00004
210.487, 1.00026
210.55, 0.999427
210.612, 0.998919
210.675, 0.999937
210.738, 1.00247
210.801, 1.0005
210.864, 1.00049
210.927, 0.999521
210.989, 0.999845
211.052, 1.00035
211.115, 1.00047
211.178, 1.00004
211.241, 0.999894
211.304, 0.99913
211.366, 1.00072
211.429, 1.00115
211.492, 1.00117
211.555, 1.00053
211.618, 1.00093
211.681, 1.00137
211.743, 1.00087
211.806, 1.00168
211.869, 1.00137
211.932, 1.00103
211.995, 0.999735
212.058, 1.0003
212.12, 0.999666
212.183, 1.00132
212.246, 1.00027
212.309, 1.00036
212.372, 0.999587
212.434, 1.00076
212.497, 1.0001
212.56, 1.00155
212.623, 1.00075
212.686, 0.99967
212.749, 1.00134
212.811, 0.999852
212.874, 0.998236
212.937, 0.99992
213, 0.999387
213.063, 0.999724
213.126, 0.999373
213.188, 0.999653
213.251, 0.998919
213.314, 0.999724
213.377, 1.00016
213.44, 0.999634
213.503, 1.0006
213.565, 0.999966
213.628, 1.00019
213.691, 1.00014
213.754, 1.00088
213.817, 0.999387
213.88, 0.998742
213.942, 0.999923
214.005, 0.999895
214.068, 1.00088
214.131, 0.999376
214.194, 0.999784
214.257, 1.00161
214.319, 1.00085
214.382, 0.999824
214.445, 1.0006
214.508, 1.00039
214.571, 1.00018
214.634, 0.999898
214.696, 1.00003
214.759, 0.999129
214.822, 0.999753
214.885, 0.999748
214.948, 1.00199
215.011, 1.00055
215.073, 0.999704
215.136, 1.00023
215.199, 1.00087
215.262, 1.00102
215.325, 0.999857
215.388, 1.00033
215.45, 1.00084
215.513, 1.00011
215.576, 1.00097
215.639, 1.00052
215.702, 1.00024
215.765, 1.00054
215.827, 1.0008
215.89, 0.999109
215.953, 0.998984
216.016, 1.00029
216.079, 0.999233
216.142, 1.00154
216.204, 1.00037
216.267, 1.00026
216.33, 1.00019
216.393, 1.00021
216.456, 0.999464
216.519, 1.00091
216.581, 1.00221
216.644, 1.00142
216.707, 1.00099
216.77, 1.00071
216.833, 1.00054
216.896, 1.00025
216.958, 1.0018
217.021, 1.00078
217.084, 0.999804
217.147, 1.00047
217.21, 1.00217
217.273, 1.00247
217.335, 0.999615
217.398, 0.999102
217.461, 0.999449
217.524, 1.00093
217.587, 1.00117
217.65, 1.00141
217.712, 1.00102
217.775, 1.00127
217.838, 1.0002
217.901, 0.998896
217.964, 0.999134
218.027, 1.00031
218.089, 0.999398
218.152, 1.00028
218.215, 0.999309
218.278, 1.00106
218.341, 1.00089
218.404, 1.00195
218.466, 1.00225
218.529, 1.00103
218.592, 1.00076
218.655, 1.00087
218.718, 0.999906
218.781, 1.00086
218.843, 0.999991
218.906, 1.00079
218.969, 1.00016
219.032, 1.00115
219.095, 1.00027
219.158, 1.00093
219.22, 0.999924
219.283, 0.999574
219.346, 1.00076
219.409, 1.00074
219.472, 1.00097
219.534, 1.00068
219.597, 1.00028
219.66, 1.00009
219.723, 1.00061
219.786, 1.00216
219.849, 1.00009
219.911, 1.0017
219.974, 1.00016
220.037, 1.00087
220.1, 1.0014
220.163, 1.00171
220.226, 1.00133
220.288, 1.00093
220.351, 1.00112
220.414, 1.00141
220.477, 1.0016
220.54, 1.00095
220.603, 1.00124
220.665, 1.00084
220.728, 1.00159
220.791, 1.0011
220.854, 1.00232
220.917, 1.0018
220.98, 1.00258
221.042, 1.00126
221.105, 1.00016
221.168, 1.0013
221.231, 1.0011
221.294, 1.00193
221.357, 1.00223
221.419, 1.00146
221.482, 1.00163
221.545, 1.00137
221.608, 1.00076
221.671, 1.00107
221.734, 1.00183
221.796, 1.00257
221.859, 1.00188
221.922, 1.00154
221.985, 1.0014
222.048, 1.00095
222.111, 1.0008
222.173, 1.00082
222.236, 1.00124
222.299, 1.00176
222.362, 1.00051
222.425, 1.00174
222.488, 1.00154
222.55, 1.00059
222.613, 1.00116
222.676, 1.00178
222.739, 1.00198
222.802, 1.00177
222.865, 1.00278
222.927, 1.00097
222.99, 1.00186
223.053, 1.00183
223.116, 1.00244
223.179, 1.00178
223.242, 1.00038
223.304, 1.00153
223.367, 1.00051
223.43, 1.00074
223.493, 1.00041
223.556, 1.00126
223.619, 1.00027
223.681, 1.00009
223.744, 1.00025
223.807, 0.999974
223.87, 1.0008
223.933, 1.00108
223.996, 1.00206
224.058, 1.00085
224.121, 1.00077
224.184, 1.00127
224.247, 0.999474
224.31, 1.00005
224.373, 1.001
224.435, 1.00106
224.498, 1.0001
224.561, 1.00151
224.624, 1.00109
224.687, 1.00096
224.75, 1.00244
224.812, 1.00113
224.875, 0.998932
224.938, 1.00039
225.001, 1.00098
225.064, 1.00104
225.127, 1.00069
225.189, 1.00026
225.252, 1.00058
225.315, 1.00146
225.378, 1.00121
225.441, 1.00046
225.504, 0.99959
225.566, 1.00045
225.629, 1.00123
225.692, 0.999545
225.755, 1
225.818, 0.998228
225.881, 0.999579
225.943, 1.00024
226.006, 0.998765
226.069, 0.999382
226.132, 1.00138
226.195, 1.00064
226.258, 1.00007
226.32, 0.998934
226.383, 0.999528
226.446, 0.999465
226.509, 1.00062
226.572, 1.00074
226.634, 1.00017
226.697, 0.999402
226.76, 0.998446
226.823, 1.00086
226.886, 0.999954
226.949, 0.998623
227.011, 0.998575
227.074, 1.00016
227.137, 0.999202
227.2, 0.999809
227.263, 0.998921
227.326, 0.998606
227.388, 0.998853
227.451, 0.999987
227.514, 0.999392
227.577, 1.00076
227.64, 1.00197
227.703, 0.998785
227.765, 0.999304
227.828, 1.00018
227.891, 0.998588
227.954, 1
228.017, 1.00131
228.08, 1.00041
228.142, 1.00099
228.205, 0.99976
228.268, 1.00174
228.331, 1.00004
228.394, 1.00081
228.457, 0.999089
228.519, 0.999883
228.582, 0.999441
228.645, 1.00005
228.708, 0.999564
228.771, 1.00145
228.834, 1.00072
228.896, 0.99946
228.959, 0.999477
229.022, 1.00116
229.085, 1.00078
229.148, 1.00081
229.211, 0.99933
229.273, 1.00041
229.336, 0.999194
229.399, 0.999872
229.462, 0.999139
229.525, 1.00067
229.588, 1.00046
229.65, 1.00146
229.713, 0.999819
229.776, 1.00005
229.839, 1.00036
229.902, 1.00043
229.965, 1.00085
230.027, 0.999842
230.09, 0.999239
230.153, 1.00031
230.216, 0.999752
230.279, 0.99939
230.342, 0.998675
230.404, 0.999595
230.467, 1.00005
230.53, 1.0004
230.593, 0.999778
230.656, 0.998679
230.719, 0.999067
230.781, 0.999574
230.844, 1.00029
230.907, 1.00079
230.97, 1.00057
231.033, 1.00028
231.096, 1.00055
231.158, 1.00062
231.221, 0.999555
231.284, 0.999699
231.347, 0.999919
231.41, 1.00028
231.473, 1.00055
231.535, 1.00009
231.598, 1.00015
231.661, 0.999359
231.724, 0.999355
231.787, 0.999516
231.85, 1.00023
231.912, 1.00042
231.975, 0.999855
232.038, 1.00048
232.101, 0.999436
232.164, 0.999427
232.227, 0.999365
232.289, 0.999333
232.352, 1.00048
232.415, 1.00098
232.478, 1.00016
232.541, 1.00032
232.604, 1.00068
232.666, 1.00051
232.729, 0.999958
232.792, 1.00096
232.855, 0.999626
232.918, 0.999295
232.981, 1.00006
233.043, 0.999916
233.106, 1.00122
233.169, 1.0009
233.232, 1.00007
233.295, 1.00086
233.358, 1.00206
233.42, 1.00088
233.483, 1.00044
233.546, 0.99944
233.609, 0.99983
233.672, 1.00067
233.734, 0.999891
233.797, 1.0001
233.86, 1.00052
233.923, 1.001
233.986, 1.00028
234.049, 0.999819
234.111, 1.00055
234.174, 0.999764
234.237, 0.999416
234.3, 0.999769
234.363, 0.999182
234.426, 0.998593
234.488, 1.00084
234.551, 0.998925
234.614, 0.998853
234.677, 0.999717
234.74, 0.999832
234.803, 1.0001
234.865, 1.00124
234.928, 1.00018
234.991, 0.99978
235.054, 0.998673
235.117, 1.00023
235.18, 1.00038
235.242, 0.999009
235.305, 1.00064
235.368, 0.99951
235.431, 0.999984
235.494, 1.00057
235.557, 0.998772
235.619, 0.999545
235.682, 1.00023
235.745, 0.999264
235.808, 0.999353
235.871, 1.00104
235.934, 0.999361
235.996, 1.00044
236.059, 1.00001
236.122, 0.99981
236.185, 0.99934
236.248, 1.00011
236.311, 0.999011
236.373, 1.00008
236.436, 0.999255
236.499, 0.998169
236.562, 0.999728
236.625, 0.998124
236.688, 0.998863
236.75, 0.998995
236.813, 0.999086
236.876, 0.999365
236.939, 0.99988
237.002, 0.998837
237.065, 0.999481
237.127, 0.99903
237.19, 0.999198
237.253, 0.999323
237.316, 0.999312
237.379, 0.999828
237.442, 0.999239
237.504, 1.00054
237.567, 1.00024
237.63, 1.00001
237.693, 0.998915
237.756, 0.99895
237.819, 0.99933
237.881, 1.00104
237.944, 1.00009
238.007, 1.00133
238.07, 0.999833
238.133, 0.999371
238.196, 1.00031
238.258, 0.999774
238.321, 1.00056
238.384, 1.00046
238.447, 0.99949
238.51, 1.00045
238.573, 1.00123
238.635, 1.00051
238.698, 0.999677
238.761, 0.999678
238.824, 1.00003
238.887, 0.999369
238.95, 0.998766
239.012, 1.00016
239.075, 0.999087
239.138, 1.00088
239.201, 0.999549
239.264, 0.999132
239.327, 0.999398
239.389, 0.999459
239.452, 0.999619
239.515, 1.00004
239.578, 0.999375
239.641, 0.99963
239.704, 0.999092
239.766, 0.999333
239.829, 0.999915
239.892, 0.999607
239.955, 1.00004
240.018, 1.00049
240.081, 0.999998
240.143, 0.999709
240.206, 0.99964
240.269, 0.999783
240.332, 1.00086
240.395, 1.00003
240.458, 1.00061
240.52, 0.999888
240.583, 0.999747
240.646, 1.00028
240.709, 0.99826
240.772, 0.999655
240.834, 0.999262
240.897, 0.998772
240.96, 0.998311
241.023, 0.999061
241.086, 0.99954
241.149, 1.00063
241.211, 0.999209
241.274, 1.00055
241.337, 0.998533
241.4, 0.999673
241.463, 0.999172
241.526, 0.999131
241.588, 1.00038
241.651, 1.00048
241.714, 1.00065
241.777, 0.999972
241.84, 1.00062
241.903, 0.999738
241.965, 0.999641
242.028, 1.00023
242.091, 1.00104
242.154, 1.00041
242.217, 0.999924
242.28, 0.999155
242.342, 1.00061
242.405, 1.00116
242.468, 0.999144
242.531, 1.00283
242.594, 1.00091
242.657, 1.00025
242.719, 1.00077
242.782, 1.00107
242.845, 0.999907
242.908, 1.0004
242.971, 0.999964
243.034, 0.999305
243.096, 0.999822
243.159, 1.00048
243.222, 0.999132
243.285, 0.999673
243.348, 1.00088
243.411, 0.999592
243.473, 0.999228
243.536, 1.00054
243.599, 0.999492
243.662, 0.999151
243.725, 0.999749
243.788, 0.998562
243.85, 0.998695
243.913, 0.998909
243.976, 0.999295
244.039, 0.999719
244.102, 1.00033
244.165, 0.999692
244.227, 0.998794
244.29, 0.999777
244.353, 0.999024
244.416, 0.998882
244.479, 0.999516
244.542, 0.999462
244.604, 0.998273
244.667, 0.998886
244.73, 0.99924
244.793, 0.999862
244.856, 0.999159
244.919, 1.00001
244.981, 0.999412
245.044, 0.99942
245.107, 0.998504
245.17, 1.00116
245.233, 1.00033
245.296, 0.999452
245.358, 0.999607
245.421, 1.00031
245.484, 1.00125
245.547, 1.0008
245.61, 1.00199
245.673, 1.00054
245.735, 1.00047
245.798, 1.00036
245.861, 1.00055
245.924, 1.00022
245.987, 0.999548
246.05, 1.0006
246.112, 1.00114
246.175, 1.00018
246.238, 1.00262
246.301, 1.0003
246.364, 1.00015
246.427, 0.999624
246.489, 1.00002
246.552, 1.00091
246.615, 1.00065
246.678, 1.00012
246.741, 1.00197
246.804, 1.00064
246.866, 1.00148
246.929, 1.00129
246.992, 0.999326
247.055, 0.999841
247.118, 1.00005
247.181, 1.00022
247.243, 1.00008
247.306, 1.0011
247.369, 1.00026
247.432, 1.00096
247.495, 1.0004
247.558, 1.00044
247.62, 1.00067
247.683, 0.999906
247.746, 1.00005
247.809, 1.00039
247.872, 1.00074
247.934, 1.00025
247.997, 0.999594
248.06, 0.998878
248.123, 1.00094
248.186, 0.999262
248.249, 1.00178
248.311, 1.00084
248.374, 1.00048
248.437, 1.00181
248.5, 1.00027
248.563, 1.00001
248.626, 1.00065
248.688, 1.00072
248.751, 1.00056
248.814, 1.00045
248.877, 0.999675
248.94, 1.0011
249.003, 1.0005
249.065, 1.00021
249.128, 1.00026
249.191, 0.99981
249.254, 1.00053
249.317, 1.00004
249.38, 1.00033
249.442, 1.00111
249.505, 0.999629
249.568, 1.00087
249.631, 1.0014
249.694, 0.99999
249.757, 1.00064
249.819, 0.999399
249.882, 1.00057
249.945, 1.00107
250.008, 1.00052
250.071, 1.00031
250.134, 1.00035
250.196, 1.00065
250.259, 1.00071
250.322, 1.00087
250.385, 1.00059
250.448, 1.00007
250.511, 0.999696
250.573, 0.999776
250.636, 0.998912
250.699, 0.999988
250.762, 1.00078
250.825, 1.00141
250.888, 1.00157
250.95, 1.0016
251.013, 1.00107
251.076, 1.00185
251.139, 1.00002
251.202, 1.00025
251.265, 1.00055
251.327, 1.00055
251.39, 0.999572
251.453, 1.00089
251.516, 1.00049
251.579, 1.00059
251.642, 1.0002
251.704, 0.999845
251.767, 1.00119
251.83, 1.00017
251.893, 0.999519
251.956, 1.00092
252.019, 1.00133
252.081, 1.00163
252.144, 1.00117
252.207, 1.00104
252.27, 1.00023
252.333, 1.00082
252.396, 0.999945
252.458, 0.99997
252.521, 1.00099
252.584, 1.00232
252.647, 1.00065
252.71, 1.00038
252.773, 1.00062
252.835, 0.999497
252.898, 0.999927
252.961, 0.999462
253.024, 1.00216
253.087, 1.00112
253.15, 1.00055
253.212, 1.0007
253.275, 1.00118
253.338, 1.00071
253.401, 0.999771
253.464, 1.00102
253.527, 1.00079
253.589, 1.0004
253.652, 1.00015
253.715, 1.00034
253.778, 0.999438
253.841, 1.00015
253.904, 1.00002
253.966, 1.0005
254.029, 1.00079
254.092, 0.998972
254.155, 1.00037
254.218, 1.00095
254.281, 1.00052
254.343, 1.00053
254.406, 1.0004
254.469, 1.00131
254.532, 1.00059
254.595, 1.00101
254.658, 1.00041
254.72, 1.00126
254.783, 1.00057
254.846, 1.0001
254.909, 1.00002
254.972, 1.00179
255.034, 1.00029
255.097, 1.00054
255.16, 0.999397
255.223, 1.00088
255.286, 1.00049
255.349, 0.999732
255.411, 1.00095
255.474, 0.999893
255.537, 1.00131
255.6, 1.00005
255.663, 0.998669
255.726, 1.00078
255.788, 1.00051
255.851, 0.999488
255.914, 1.00045
255.977, 0.999202
256.04, 1.00045
256.103, 0.999889
256.165, 1.00046
256.228, 0.99845
256.291, 1.00073
256.354, 1.00005
256.417, 0.999054
256.48, 0.999336
256.542, 0.999827
256.605, 0.99993
256.668, 0.998817
256.731, 0.999128
256.794, 1.00004
256.857, 0.999288
256.919, 0.998813
256.982, 0.998704
257.045, 0.999669
257.108, 0.99974
257.171, 0.999197
257.234, 0.998936
257.296, 0.999898
257.359, 0.999202
257.422, 0.999906
257.485, 1.00059
257.548, 0.99986
257.611, 0.999784
257.673, 0.99953
257.736, 0.999518
257.799, 0.999733
257.862, 0.99921
257.925, 0.999681
257.988, 1.00039
258.05, 1.00055
258.113, 0.999794
258.176, 0.999035
258.239, 1.00036
258.302, 0.999771
258.365, 0.999983
258.427, 0.999339
258.49, 0.999858
258.553, 0.999643
258.616, 0.999061
258.679, 0.999879
258.742, 0.999372
258.804, 1.0002
258.867, 1.00058
258.93, 0.999867
258.993, 1.00038
259.056, 0.999579
259.119, 0.999785
259.181, 1.00049
259.244, 0.999788
259.307, 1.00041
259.37, 1.00046
259.433, 0.999512
259.496, 0.998832
259.558, 0.998873
259.621, 0.998832
259.684, 0.998914
259.747, 0.998979
259.81, 0.999761
259.873, 0.999036
259.935, 0.999099
259.998, 0.998631
260.061, 0.999565
260.124, 0.99884
260.187, 0.999364
260.25, 0.998996
260.312, 0.998471
260.375, 0.998951
260.438, 0.998631
260.501, 0.999649
260.564, 0.998273
260.627, 0.999705
260.689, 0.998135
260.752, 0.99927
260.815, 0.998596
260.878, 0.999505
260.941, 0.998546
261.004, 0.999371
261.066, 1.00033
261.129, 0.999683
261.192, 0.999925
261.255, 0.999402
261.318, 0.999485
261.381, 0.999069
261.443, 0.999445
261.506, 0.999954
261.569, 0.999749
261.632, 0.999743
261.695, 0.999949
261.757, 0.999644
261.82, 0.999712
261.883, 0.998741
261.946, 0.998225
262.009, 0.999556
262.072, 0.999965
262.134, 1.00087
262.197, 0.999917
262.26, 1.00091
262.323, 0.998894
262.386, 0.999542
262.449, 0.999283
262.511, 0.998798
262.574, 0.99929
262.637, 0.999995
262.7, 1.00021
262.763, 1.00038
262.826, 0.999657
262.888, 1.00011
262.951, 0.999946
263.014, 1.00009
263.077, 1.00051
263.14, 1.00008
263.203, 1.00174
263.265, 1.00162
263.328, 1.00142
263.391, 1.00099
263.454, 0.999963
263.517, 0.998402
263.58, 0.999815
263.642, 1.00001
263.705, 0.998947
263.768, 1.00091
263.831, 0.999667
263.894, 0.999731
263.957, 0.999458
264.019, 1.00081
264.082, 1.00036
264.145, 1.00073
264.208, 1.0014
264.271, 1.00128
264.334, 1.00024
264.396, 1.00237
264.459, 1.00056
264.522, 1.00094
264.585, 1.00086
264.648, 1.00191
264.711, 1.00068
264.773, 0.999877
264.836, 0.99996
264.899, 0.999723
264.962, 1.0013
265.025, 1.00021
265.088, 1.00075
265.15, 1.00088
265.213, 1.00116
265.276, 0.99971
265.339, 1.00085
265.402, 1.00063
265.465, 1.00034
265.527, 1.00007
265.59, 1.00092
265.653, 1.00123
265.716, 1.00182
265.779, 1.00072
265.842, 1.00084
265.904, 1.00117
265.967, 0.999397
266.03, 0.999701
266.093, 0.999616
266.156, 0.998568
266.219, 1.00006
266.281, 1.00194
266.344, 1.0012
266.407, 1.00034
266.47, 1.00034
266.533, 1.00012
266.596, 1.00101
266.658, 1.00033
266.721, 0.999786
266.784, 0.999569
266.847, 0.999522
266.91, 0.998873
266.973, 0.999606
267.035, 0.99987
267.098, 0.999905
267.161, 0.999945
267.224, 0.998394
267.287, 0.999549
267.35, 0.99952
267.412, 0.999593
267.475, 0.997704
267.538, 0.999069
267.601, 0.998808
267.664, 0.998494
267.727, 0.99941
267.789, 1.00036
267.852, 1.00099
267.915, 1.0012
267.978, 0.999562
268.041, 0.998851
268.104, 0.999543
268.166, 0.999602
268.229, 1.00035
268.292, 1.0001
268.355, 1.00122
268.418, 1.001
268.481, 0.999299
268.543, 0.999848
268.606, 0.999959
268.669, 0.999499
268.732, 1.00026
268.795, 1.00074
268.857, 0.999324
268.92, 1.00107
268.983, 1.00022
269.046, 1.00012
269.109, 1.00049
269.172, 1.00144
269.234, 1.00059
269.297, 0.999803
269.36, 0.999661
269.423, 0.999685
269.486, 0.999533
269.549, 1.00025
269.611, 0.999342
269.674, 1.00085
269.737, 1.00124
269.8, 1.00054
269.863, 0.999839
269.926, 0.999599
269.988, 0.999397
270.051, 0.999239
270.114, 1.00023
270.177, 1.00019
270.24, 0.999979
270.303, 0.999505
270.365, 0.998929
270.428, 1.00229
270.491, 1.00048
270.554, 1.00041
270.617, 0.999886
270.68, 1.00006
270.742, 0.999785
270.805, 0.999786
270.868, 1.00138
270.931, 0.999958
270.994, 0.999916
271.057, 0.999988
271.119, 1.00066
271.182, 1.00183
271.245, 1.00104
271.308, 1.00088
271.371, 1.00035
271.434, 1.00144
271.496, 1.00093
271.559, 1.0006
271.622, 1.00147
271.685, 1.00109
271.748, 1.0007
271.811, 1.00091
271.873, 1.00018
271.936, 1.00086
271.999, 1.00051
272.062, 0.999756
272.125, 1.00054
272.188, 1.0009
272.25, 1.00042
272.313, 1.0005
272.376, 1.0005
272.439, 1.00004
272.502, 0.999887
272.565, 1.00075
272.627, 1.00026
272.69, 0.999962
272.753, 1.00198
272.816, 1.00091
272.879, 1.0003
272.942, 0.999956
273.004, 1.00136
273.067, 1.0012
273.13, 1.00016
273.193, 1.00203
273.256, 1.00083
273.319, 1.00127
273.381, 1.00058
273.444, 1.00066
273.507, 0.999448
273.57, 0.999949
273.633, 1.00007
273.696, 0.999998
273.758, 0.999916
273.821, 0.999897
273.884, 0.999438
273.947, 0.998615
274.01, 1.00017
274.073, 0.999743
274.135, 1.00083
274.198, 1.00032
274.261, 1.00028
274.324, 1.00053
274.387, 0.999027
274.45, 0.999343
274.512, 0.999348
274.575, 0.999512
274.638, 0.999989
274.701, 0.999545
274.764, 0.999453
274.827, 0.999927
274.889, 0.999374
274.952, 1.00049
275.015, 1.00036
275.078, 0.999326
275.141, 0.998755
275.204, 0.99995
275.266, 1.00006
275.329, 0.999004
275.392, 1.00025
275.455, 0.99956
275.518, 1.00128
275.581, 0.999882
275.643, 1.00112
275.706, 1.00011
275.769, 0.99862
275.832, 1.00027
275.895, 0.999763
275.957, 0.999337
276.02, 0.999516
276.083, 0.999331
276.146, 0.999028
276.209, 0.999622
276.272, 0.999272
276.334, 0.999506
276.397, 0.998474
276.46, 1.00051
276.523, 1.00109
276.586, 0.998326
276.649, 0.999913
276.711, 1.00011
276.774, 1.00027
276.837, 0.999394
276.9, 0.999007
276.963, 1.00006
277.026, 0.998856
277.088, 0.999013
277.151, 0.99898
277.214, 0.998719
277.277, 0.999958
277.34, 1.00018
277.403, 1.00029
277.465, 0.999146
277.528, 0.997791
277.591, 0.998713
277.654, 0.999001
277.717, 0.999736
277.78, 0.999721
277.842, 0.999209
277.905, 0.999641
277.968, 0.999234
278.031, 0.999738
278.094, 0.998923
278.157, 0.999089
278.219, 0.999533
278.282, 0.998982
278.345, 1.00009
278.408, 0.999805
278.471, 0.999963
278.534, 0.999256
278.596, 0.998574
278.659, 0.998671
278.722, 0.999267
278.785, 1.00028
278.848, 0.999692
278.911, 0.999538
278.973, 0.999436
279.036, 0.998727
279.099, 0.998908
279.162, 0.999123
279.225, 0.99927
279.288, 0.999283
279.35, 1.00024
279.413, 0.999765
279.476, 1.00034
279.539, 0.999671
279.602, 0.999994
279.665, 1.00033
279.727, 1.00028
279.79, 1.00003
279.853, 0.999814
279.916, 0.999975
279.979, 0.999399
280.042, 0.999529
280.104, 1.00041
280.167, 0.99966
280.23, 1.0007
280.293, 0.999586
280.356, 0.999806
280.419, 0.999656
280.481, 0.999527
280.544, 1.00079
280.607, 1.00109
280.67, 1.00128
280.733, 0.999525
280.796, 0.999513
280.858, 0.999794
280.921, 1.0006
280.984, 0.999643
281.047, 0.997969
281.11, 0.999827
281.173, 1.00008
281.235, 0.998914
281.298, 1.0008
281.361, 1.00022
281.424, 0.998817
281.487, 1.00007
281.55, 1.00112
281.612, 0.999256
281.675, 0.999605
281.738, 0.999758
281.801, 1.00102
281.864, 1.00058
281.927, 0.99965
281.989, 0.999486
282.052, 0.99987
282.115, 1.00073
282.178, 1.00092
282.241, 0.999456
282.304, 0.999912
282.366, 1.00119
282.429, 0.999971
282.492, 1.00134
282.555, 1.00004
282.618, 1.00008
282.681, 1.00084
282.743, 1.00036
282.806, 0.999107
282.869, 1.00022
282.932, 1.00022
282.995, 1.00099
283.057, 1.00092
283.12, 1.00094
283.183, 1.00163
283.246, 1.00055
283.309, 1.00029
283.372, 0.99968
283.434, 1.00078
283.497, 1.00069
283.56, 1.00046
283.623, 1.00083
283.686, 1.00029
283.749, 0.999991
283.811, 0.998957
283.874, 1.00019
283.937, 0.999302
284, 1.00015
284.063, 0.999603
284.126, 1.00049
284.188, 1.0003
284.251, 1.00075
284.314, 0.999569
284.377, 0.999816
284.44, 1.00024
284.503, 0.999475
284.565, 0.999033
284.628, 0.999872
284.691, 1.00087
284.754, 0.999436
284.817, 0.999125
284.88, 1.0009
284.942, 0.999682
285.005, 0.999773
285.068, 1.00003
285.131, 1.0003
285.194, 1.00077
285.257, 1.00056
285.319, 1.00064
285.382, 1.00014
285.445, 0.999764
285.508, 0.999575
285.571, 0.99987
285.634, 1.00118
285.696, 1.00084
285.759, 1.0003
285.822, 0.999099
285.885, 1.00028
285.948, 1.00056
286.011, 0.998047
286.073, 1.0006
286.136, 1.00049
286.199, 1.00043
286.262, 0.999791
286.325, 0.999845
286.388, 1.00107
286.45, 1.0017
286.513, 0.999846
286.576, 1.00024
286.639, 1.00028
286.702, 1.00139
286.765, 1.00108
286.827, 1.00125
286.89, 1.00073
286.953, 1.00057
287.016, 1.00153
287.079, 1.00078
287.142, 1.00076
287.204, 1.00013
287.267, 0.999951
287.33, 1.00044
287.393, 1.00081
287.456, 1.00058
287.519, 1.00099
287.581, 1.00146
287.644, 1.00076
287.707, 1.00189
287.77, 1.00067
287.833, 1.00091
287.896, 1.00078
287.958, 0.999898
288.021, 0.999749
288.084, 0.999765
288.147, 0.999886
288.21, 1.00206
288.273, 1.00043
288.335, 0.999887
288.398, 1.00139
288.461, 1.00221
288.524, 1.00057
288.587, 1.00109
288.65, 0.999827
288.712, 1.00082
288.775, 1.00231
288.838, 1.00182
288.901, 1.00016
288.964, 1.00032
289.027, 1.00124
289.089, 1.00091
289.152, 1.00031
289.215, 1.00045
289.278, 1.00128
289.341, 1.00226
289.404, 0.999869
289.466, 1.00169
289.529, 1.0004
289.592, 1.00085
289.655, 0.999448
289.718, 0.999639
289.781, 0.998988
289.843, 0.99916
289.906, 1.00083
289.969, 0.999752
290.032, 0.999816
290.095, 0.999853
290.157, 1.00024
290.22, 0.999912
290.283, 1.00025
290.346, 0.999439
290.409, 1.00005
290.472, 1.00049
290.534, 0.999555
290.597, 0.998635
290.66, 1.00051
290.723, 0.999825
290.786, 0.999446
290.849, 1.00112
290.911, 0.999952
290.974, 0.999511
291.037, 1.0001
291.1, 0.999326
291.163, 0.999451
291.226, 1.00067
291.288, 1.00114
291.351, 1.00031
291.414, 1.00054
291.477, 0.999834
291.54, 1
291.603, 0.999583
291.665, 0.999285
291.728, 1.00033
291.791, 1.00085
291.854, 0.999212
291.917, 0.999693
291.98, 0.999514
292.042, 0.999414
292.105, 0.998802
292.168, 0.999996
292.231, 1.00043
292.294, 1.00032
292.357, 0.999238
292.419, 0.999217
292.482, 0.99872
292.545, 0.998979
292.608, 1.00018
292.671, 1.00109
292.734, 1.00101
292.796, 0.999729
292.859, 1.00029
292.922, 1.00019
292.985, 0.999865
293.048, 1.00122
293.111, 0.999529
293.173, 0.999893
293.236, 1.00055
293.299, 1.00046
293.362, 1.0013
293.425, 1.00088
293.488, 1.0013
293.55, 1.00158
293.613, 1.0003
293.676, 1.00032
293.739, 0.99979
293.802, 1.00153
293.865, 1.00023
293.927, 1.00034
293.99, 0.99989
294.053, 0.99951
294.116, 1.00006
294.179, 1.00074
294.242, 1.00127
294.304, 1.0007
294.367, 1.00025
294.43, 0.999771
294.493, 0.999635
294.556, 1.00026
294.619, 0.999404
294.681, 1.00039
294.744, 0.999431
294.807, 0.999675
294.87, 1.00015
294.933, 1.00142
294.996, 1.00083
295.058, 1.00176
295.121, 1.0007
295.184, 1.00021
295.247, 1.00005
295.31, 1.00108
295.373, 1.00009
295.435, 0.999957
295.498, 1.00094
295.561, 1.00146
295.624, 1.00033
295.687, 1.00042
295.75, 1.00025
295.812, 1.00083
295.875, 1.00147
295.938, 0.999811
296.001, 1.00052
296.064, 1.00017
296.127, 0.999891
296.189, 1.00075
296.252, 0.999328
296.315, 0.999439
296.378, 0.999374
296.441, 0.999728
296.504, 0.99875
296.566, 0.999795
296.629, 0.999481
296.692, 1.00002
296.755, 0.999454
296.818, 0.999074
296.881, 1.00083
296.943, 1.00078
297.006, 1.00005
297.069, 0.99878
297.132, 0.999615
297.195, 0.999505
297.257, 1.0012
297.32, 1.00056
297.383, 1.00039
297.446, 1.00183
297.509, 1.00117
297.572, 1.00117
297.634, 1.00099
297.697, 0.999817
297.76, 0.99975
297.823, 0.998656
297.886, 0.999189
297.949, 1.00079
298.011, 1.00128
298.074, 1.00101
298.137, 1.00083
298.2, 1.00065
298.263, 1.00054
298.326, 1.00028
298.388, 1.00024
298.451, 1.00034
298.514, 1.00101
298.577, 0.999604
298.64, 1.00074
298.703, 1.00119
298.765, 1.00053
298.828, 1.00044
298.891, 1.00114
298.954, 1.001
299.017, 1.00039
299.08, 1.00156
299.142, 1.00126
299.205, 1.00036
299.268, 0.999525
299.331, 1.00003
299.394, 1.00088
299.457, 0.999752
299.519, 0.99988
299.582, 0.999523
299.645, 1.00101
299.708, 1.00115
299.771, 1.00172
299.834, 1.00175
299.896, 1.00112
299.959, 1.00074
300.022, 1.00057
300.085, 1.00034
300.148, 1.0003
300.211, 0.999503
300.273, 0.999897
300.336, 1.00003
300.399, 1.00115
300.462, 1.00042
300.525, 1.00091
300.588, 1.00061
300.65, 1.00073
300.713, 1.00047
300.776, 1.00115
300.839, 1.00136
300.902, 1.00045
300.965, 1.00009
301.027, 1.00164
301.09, 1.00069
301.153, 1.00253
301.216, 1.00111
301.279, 1.00124
301.342, 1.00115
301.404, 0.999128
301.467, 1.00112
301.53, 1.0011
301.593, 1.00061
301.656, 1.00079
301.719, 1.00153
301.781, 1.00172
301.844, 1.00018
301.907, 1.00163
301.97, 1.0015
302.033, 1.00144
302.096, 1.00012
302.158, 1.00085
302.221, 1.00284
302.284, 1.00168
302.347, 1.00083
302.41, 1.00094
302.473, 1.00117
302.535, 1.00124
302.598, 1.00021
302.661, 1.00161
302.724, 1.00099
302.787, 1.00112
302.85, 1.00079
302.912, 1.00164
302.975, 1.00096
303.038, 1.00091
303.101, 1.00141
303.164, 1.00065
303.227, 1.0001
303.289, 1.00156
303.352, 1.00086
303.415, 1.00077
303.478, 1.00187
303.541, 1.00063
303.604, 1.00045
303.666, 1.0007
303.729, 0.999692
303.792, 1.00096
303.855, 1.00101
303.918, 1.00086
303.981, 1.00044
304.043, 0.99949
304.106, 1.0007
304.169, 1.00105
304.232, 1.00166
304.295, 1.00058
304.357, 1.00139
304.42, 1.00195
304.483, 1.00203
304.546, 1.00109
304.609, 0.999593
304.672, 1.00019
304.734, 1.00021
304.797, 0.99985
304.86, 1.00072
304.923, 1.00154
304.986, 1.00112
305.049, 1.00074
305.111, 1.00068
305.174, 1.00037
305.237, 1.00059
305.3, 1.00061
305.363, 1.00046
305.426, 1.00116
305.488, 1.00103
305.551, 1.00004
305.614, 0.999667
305.677, 0.99992
305.74, 0.99983
305.803, 1.0003
305.865, 0.999866
305.928, 1.001
305.991, 1.00032
306.054, 1.00037
306.117, 0.999835
306.18, 1.00044
306.242, 1.00126
306.305, 1.00088
306.368, 1.00147
306.431, 1.00187
306.494, 1.0016
306.557, 1.00034
306.619, 1.00112
306.682, 1.00061
306.745, 1.0017
306.808, 1.00012
306.871, 1.00027
306.934, 1.00048
306.996, 1.00028
307.059, 1.00078
307.122, 1.001
307.185, 0.999468
307.248, 1.00068
307.311, 1.00027
307.373, 1.00121
307.436, 1.00038
307.499, 0.999477
307.562, 0.999207
307.625, 1.00051
307.688, 1.00083
307.75, 0.999614
307.813, 1.00067
307.876, 1.0007
307.939, 1.00023
308.002, 1.00092
308.065, 0.999949
308.127, 0.999178
308.19, 0.999813
308.253, 1.0007
308.316, 0.999862
308.379, 0.999034
308.442, 0.998899
308.504, 0.999796
308.567, 0.999801
308.63, 0.999447
308.693, 1.0016
308.756, 1.00049
308.819, 1.00084
308.881, 1.00078
308.944, 1.00044
309.007, 1.00125
309.07, 1.00102
309.133, 1.00036
309.196, 1.00093
309.258, 1.0002
309.321, 1.00069
309.384, 1.00162
309.447, 1.00081
309.51, 1.00171
309.573, 1.00083
309.635, 1.00029
309.698, 1.00102
309.761, 1.00095
309.824, 1.00248
309.887, 1.00134
309.95, 1.00124
310.012, 1.00135
310.075, 1.00228
310.138, 1.00167
310.201, 1.00112
310.264, 1.00179
310.327, 1.00288
310.389, 1.00123
310.452, 1.00087
310.515, 1.00057
310.578, 1.00037
310.641, 1.001
310.704, 1.00126
310.766, 1.00158
310.829, 1.00059
310.892, 1.00039
310.955, 1.00212
311.018, 1.00164
311.081, 1.00165
311.143, 1.0008
311.206, 1.0006
311.269, 1.00085
311.332, 1.00107
311.395, 1.00017
311.457, 1.00106
311.52, 1.00113
311.583, 1.00028
311.646, 0.999953
311.709, 1.0026
311.772, 1.00124
311.834, 1.0014
311.897, 1.0001
311.96, 1.0003
312.023, 1.00083
312.086, 1.00106
312.149, 1.00044
312.211, 1.00112
312.274, 1.00204
312.337, 0.999954
312.4, 1.00062
312.463, 1.00062
312.526, 1.00027
312.588, 1.00159
312.651, 1.00126
312.714, 1.0022
312.777, 1.00131
312.84, 1.00016
312.903, 1.00074
312.965, 0.998967
313.028, 0.999839
313.091, 1.00032
313.154, 1.00067
313.217, 1.00074
313.28, 1.00077
313.342, 1.00069
313.405, 1.00097
313.468, 0.999734
313.531, 0.999696
313.594, 0.999898
313.657, 1.00079
313.719, 1.00143
313.782, 1.00081
313.845, 1.00193
313.908, 1.00118
313.971, 1.00132
314.034, 1.00095
314.096, 1.00102
314.159, 1.00113
