0, 3
0.0628319, 2.62492
0.125664, 2.52387
0.188496, 2.49493
0.251327, 2.48624
0.314159, 2.47686
0.376991, 2.47278
0.439823, 2.46967
0.502655, 2.46299
0.565487, 2.45601
0.628319, 2.45382
0.69115, 2.44592
0.753982, 2.44018
0.816814, 2.43456
0.879646, 2.42862
0.942478, 2.42421
1.00531, 2.42011
1.06814, 2.41302
1.13097, 2.40956
1.19381, 2.40365
1.25664, 2.3975
1.31947, 2.39268
1.3823, 2.39112
1.44513, 2.38252
1.50796, 2.38144
1.5708, 2.37757
1.63363, 2.37286
1.69646, 2.3669
1.75929, 2.36346
1.82212, 2.35729
1.88496, 2.35602
1.94779, 2.34946
2.01062, 2.34572
2.07345, 2.34093
2.13628, 2.33636
2.19911, 2.33362
2.26195, 2.32815
2.32478, 2.32544
2.38761, 2.32286
2.45044, 2.31634
2.51327, 2.31389
2.57611, 2.3113
2.63894, 2.30512
2.70177, 2.30383
2.7646, 2.29736
2.82743, 2.29654
2.89027, 2.29106
2.9531, 2.28888
3.01593, 2.28583
3.07876, 2.28026
3.14159, 2.27568
3.20442, 2.27458
3.26726, 2.27301
3.33009, 2.26966
3.39292, 2.26534
3.45575, 2.26233
3.51858, 2.26015
3.58142, 2.25717
3.64425, 2.25378
3.70708, 2.25018
3.76991, 2.24813
3.83274, 2.24429
3.89557, 2.24168
3.95841, 2.23922
4.02124, 2.23495
4.08407, 2.23391
4.1469, 2.23098
4.20973, 2.22686
4.27257, 2.22315
4.3354, 2.22212
4.39823, 2.21754
4.46106, 2.21539
4.52389, 2.21362
4.58673, 2.20975
4.64956, 2.20798
4.71239, 2.20705
4.77522, 2.20579
4.83805, 2.20492
4.90088, 2.2005
4.96372, 2.20088
5.02655, 2.19593
5.08938, 2.1905
5.15221, 2.19148
5.21504, 2.18652
5.27788, 2.18487
5.34071, 2.18209
5.40354, 2.18091
5.46637, 2.17936
5.5292, 2.17976
5.59203, 2.1771
5.65487, 2.1736
5.7177, 2.16826
5.78053, 2.16798
5.84336, 2.16728
5.90619, 2.16443
5.96903, 2.16214
6.03186, 2.15988
6.09469, 2.15701
6.15752, 2.15765
6.22035, 2.15472
6.28319, 2.15246
6.34602, 2.15053
6.40885, 2.1498
6.47168, 2.14959
6.53451, 2.14717
6.59734, 2.14441
6.66018, 2.14235
6.72301, 2.14067
6.78584, 2.13938
6.84867, 2.13678
6.9115, 2.13596
6.97434, 2.13228
7.03717, 2.1338
7.1, 2.1303
7.16283, 2.1292
7.22566, 2.12853
7.28849, 2.12718
7.35133, 2.12647
7.41416, 2.12401
7.47699, 2.12319
7.53982, 2.12119
7.60265, 2.11954
7.66549, 2.1164
7.72832, 2.11679
7.79115, 2.11504
7.85398, 2.11353
7.91681, 2.11244
7.97965, 2.11286
8.04248, 2.1101
8.10531, 2.10635
8.16814, 2.10368
8.23097, 2.10618
8.2938, 2.10452
8.35664, 2.10401
8.41947, 2.1032
8.4823, 2.09789
8.54513, 2.09719
8.60796, 2.09978
8.6708, 2.09894
8.73363, 2.09748
8.79646, 2.09326
8.85929, 2.09446
8.92212, 2.09479
8.98495, 2.09051
9.04779, 2.09014
9.11062, 2.08733
9.17345, 2.08833
9.23628, 2.08569
9.29911, 2.08873
9.36195, 2.08888
9.42478, 2.08626
9.48761, 2.08082
9.55044, 2.08189
9.61327, 2.07996
9.67611, 2.08144
9.73894, 2.0773
9.80177, 2.07777
9.8646, 2.07706
9.92743, 2.0777
9.99026, 2.07527
10.0531, 2.07534
10.1159, 2.07477
10.1788, 2.0743
10.2416, 2.07217
10.3044, 2.07013
10.3673, 2.07014
10.4301, 2.06995
10.4929, 2.06774
10.5558, 2.06793
10.6186, 2.06487
10.6814, 2.06315
10.7442, 2.06437
10.8071, 2.06162
10.8699, 2.06285
10.9327, 2.06134
10.9956, 2.0598
11.0584, 2.06102
11.1212, 2.05782
11.1841, 2.05946
11.2469, 2.05981
11.3097, 2.05895
11.3726, 2.05757
11.4354, 2.05466
11.4982, 2.05434
11.5611, 2.05314
11.6239, 2.05307
11.6867, 2.05448
11.7496, 2.05189
11.8124, 2.05012
11.8752, 2.0509
11.9381, 2.05316
12.0009, 2.05069
12.0637, 2.04952
12.1265, 2.04975
12.1894, 2.04703
12.2522, 2.04814
12.315, 2.04869
12.3779, 2.04883
12.4407, 2.04994
12.5035, 2.04668
12.5664, 2.04509
12.6292, 2.04322
12.692, 2.04406
12.7549, 2.0413
12.8177, 2.04018
12.8805, 2.0428
12.9434, 2.04254
13.0062, 2.04354
13.069, 2.04352
13.1319, 2.04242
13.1947, 2.03897
13.2575, 2.03742
13.3204, 2.03864
13.3832, 2.0392
13.446, 2.03716
13.5088, 2.03847
13.5717, 2.03847
13.6345, 2.03821
13.6973, 2.03778
13.7602, 2.03904
13.823, 2.0353
13.8858, 2.03686
13.9487, 2.03553
14.0115, 2.0325
14.0743, 2.03288
14.1372, 2.03304
14.2, 2.03059
14.2628, 2.03233
14.3257, 2.03174
14.3885, 2.0332
14.4513, 2.03375
14.5142, 2.03056
14.577, 2.03255
14.6398, 2.03166
14.7027, 2.03264
14.7655, 2.02948
14.8283, 2.02973
14.8911, 2.0297
14.954, 2.02898
15.0168, 2.02908
15.0796, 2.02888
15.1425, 2.02795
15.2053, 2.02654
15.2681, 2.02865
15.331, 2.02794
15.3938, 2.02658
15.4566, 2.02614
15.5195, 2.02609
15.5823, 2.02527
15.6451, 2.02737
15.708, 2.02769
15.7708, 2.02505
15.8336, 2.02389
15.8965, 2.02431
15.9593, 2.02397
16.0221, 2.02473
16.085, 2.02471
16.1478, 2.02209
16.2106, 2.02487
16.2734, 2.02056
16.3363, 2.02432
16.3991, 2.02426
16.4619, 2.02232
16.5248, 2.02205
16.5876, 2.01988
16.6504, 2.0223
16.7133, 2.02425
16.7761, 2.02284
16.8389, 2.01946
16.9018, 2.02117
16.9646, 2.02006
17.0274, 2.02088
17.0903, 2.02041
17.1531, 2.01789
17.2159, 2.01881
17.2788, 2.01814
17.3416, 2.01856
17.4044, 2.01763
17.4673, 2.01725
17.5301, 2.01704
17.5929, 2.01657
17.6558, 2.01392
17.7186, 2.01641
17.7814, 2.01795
17.8442, 2.0162
17.9071, 2.01904
17.9699, 2.01763
18.0327, 2.01656
18.0956, 2.02049
18.1584, 2.01851
18.2212, 2.01868
18.2841, 2.01842
18.3469, 2.01588
18.4097, 2.01906
18.4726, 2.01833
18.5354, 2.01867
18.5982, 2.01941
18.6611, 2.01875
18.7239, 2.01719
18.7867, 2.01935
18.8496, 2.01803
18.9124, 2.01832
18.9752, 2.01924
19.0381, 2.01711
19.1009, 2.01724
19.1637, 2.01575
19.2265, 2.01336
19.2894, 2.01641
19.3522, 2.01547
19.415, 2.01391
19.4779, 2.01511
19.5407, 2.01189
19.6035, 2.01455
19.6664, 2.01515
19.7292, 2.0149
19.792, 2.01466
19.8549, 2.01438
19.9177, 2.01403
19.9805, 2.01512
20.0434, 2.01306
20.1062, 2.01438
20.169, 2.01096
20.2319, 2.01451
20.2947, 2.0114
20.3575, 2.01075
20.4204, 2.01001
20.4832, 2.01159
20.546, 2.01369
20.6088, 2.01204
20.6717, 2.01093
20.7345, 2.01198
20.7973, 2.01041
20.8602, 2.01202
20.923, 2.01029
20.9858, 2.01267
21.0487, 2.00758
21.1115, 2.00944
21.1743, 2.01164
21.2372, 2.01009
21.3, 2.00949
21.3628, 2.01166
21.4257, 2.01062
21.4885, 2.01003
21.5513, 2.009
21.6142, 2.00919
21.677, 2.00877
21.7398, 2.00985
21.8027, 2.00989
21.8655, 2.00781
21.9283, 2.00978
21.9911, 2.01037
22.054, 2.00848
22.1168, 2.00843
22.1796, 2.00719
22.2425, 2.01059
22.3053, 2.00985
22.3681, 2.00779
22.431, 2.00982
22.4938, 2.01059
22.5566, 2.00975
22.6195, 2.00881
22.6823, 2.00925
22.7451, 2.00491
22.808, 2.00532
22.8708, 2.00747
22.9336, 2.00802
22.9965, 2.01097
23.0593, 2.0113
23.1221, 2.01024
23.185, 2.00733
23.2478, 2.00845
23.3106, 2.00775
23.3734, 2.00667
23.4363, 2.00633
23.4991, 2.0069
23.5619, 2.00785
23.6248, 2.0076
23.6876, 2.00733
23.7504, 2.00358
23.8133, 2.00307
23.8761, 2.00317
23.9389, 2.00533
24.0018, 2.00559
24.0646, 2.00678
24.1274, 2.00663
24.1903, 2.0063
24.2531, 2.00443
24.3159, 2.00546
24.3788, 2.0031
24.4416, 2.00152
24.5044, 2.00514
24.5673, 2.00365
24.6301, 2.0045
24.6929, 2.00408
24.7558, 2.00557
24.8186, 2.00465
24.8814, 2.00515
24.9442, 2.00136
25.0071, 2.00659
25.0699, 2.00534
25.1327, 2.00328
25.1956, 2.00397
25.2584, 2.00335
25.3212, 2.0034
25.3841, 2.00551
25.4469, 2.00481
25.5097, 2.00094
25.5726, 2.00113
25.6354, 2.00218
25.6982, 2.00315
25.7611, 2.00458
25.8239, 2.00348
25.8867, 2.0032
25.9496, 2.00329
26.0124, 2.00521
26.0752, 2.00646
26.1381, 2.00524
26.2009, 2.00467
26.2637, 2.00421
26.3265, 2.00351
26.3894, 2.00287
26.4522, 2.00447
26.515, 2.00282
26.5779, 2.00393
26.6407, 2.00486
26.7035, 2.00379
26.7664, 2.00353
26.8292, 2.00061
26.892, 2.00375
26.9549, 2.00521
27.0177, 2.00273
27.0805, 2.00316
27.1434, 2.00613
27.2062, 2.00492
27.269, 2.00756
27.3319, 2.00567
27.3947, 2.00421
27.4575, 2.00636
27.5204, 2.00295
27.5832, 2.0042
27.646, 2.00431
27.7088, 2.00371
27.7717, 2.00376
27.8345, 2.00579
27.8973, 2.00227
27.9602, 2.00202
28.023, 2.00482
28.0858, 2.00517
28.1487, 2.00504
28.2115, 2.00375
28.2743, 2.00283
28.3372, 2.00305
28.4, 2.0051
28.4628, 2.00079
28.5257, 2.00091
28.5885, 2.00169
28.6513, 2.00345
28.7142, 2.00317
28.777, 2.00335
28.8398, 2.00165
28.9027, 2.00309
28.9655, 2.00212
29.0283, 2.00248
29.0911, 2.00316
29.154, 2.00112
29.2168, 2.00248
29.2796, 2.00162
29.3425, 2.0014
29.4053, 2.0012
29.4681, 2.00334
29.531, 2.00181
29.5938, 2.00196
29.6566, 2.00334
29.7195, 2.00119
29.7823, 2.00011
29.8451, 2.00434
29.908, 2.0034
29.9708, 2.0038
30.0336, 2.00142
30.0965, 2.00315
30.1593, 2.00234
30.2221, 2.00206
30.285, 2.00121
30.3478, 2.00029
30.4106, 2.00488
30.4734, 2.00169
30.5363, 2.0002
30.5991, 2.00117
30.6619, 2.00198
30.7248, 2.00171
30.7876, 2.00294
30.8504, 2.0004
30.9133, 2.00085
30.9761, 2.00256
31.0389, 2.00335
31.1018, 2.00079
31.1646, 2.00197
31.2274, 2.00254
31.2903, 2.00388
31.3531, 2.0034
31.4159, 2.00634
31.4788, 2.00435
31.5416, 2.00457
31.6044, 2.00186
31.6673, 2.00236
31.7301, 2.00374
31.7929, 2.00281
31.8557, 2.00601
31.9186, 2.00527
31.9814, 2.00404
32.0442, 2.00227
32.1071, 2.00314
32.1699, 2.00337
32.2327, 2.00301
32.2956, 2.00296
32.3584, 2.00373
32.4212, 2.00283
32.4841, 2.00187
32.5469, 2.00089
32.6097, 2.00264
32.6726, 2.0026
32.7354, 2.00276
32.7982, 2.00221
32.8611, 2.00541
32.9239, 2.00449
32.9867, 2.0048
33.0496, 2.00643
33.1124, 2.0039
33.1752, 2.00472
33.2381, 2.0048
33.3009, 2.00603
33.3637, 2.00439
33.4265, 2.00452
33.4894, 2.00445
33.5522, 2.0038
33.615, 2.00398
33.6779, 2.00352
33.7407, 2.00539
33.8035, 2.00506
33.8664, 2.00459
33.9292, 2.00452
33.992, 2.00378
34.0549, 2.00477
34.1177, 2.005
34.1805, 2.00281
34.2434, 2.00396
34.3062, 2.00322
34.369, 2.006
34.4319, 2.00423
34.4947, 2.00414
34.5575, 2.00432
34.6204, 2.00689
34.6832, 2.00514
34.746, 2.00402
34.8088, 2.00551
34.8717, 2.00371
34.9345, 2.00456
34.9973, 2.00324
35.0602, 2.00367
35.123, 2.00438
35.1858, 2.0059
35.2487, 2.00508
35.3115, 2.00539
35.3743, 2.00513
35.4372, 2.00311
35.5, 2.0036
35.5628, 2.00276
35.6257, 2.00201
35.6885, 2.00286
35.7513, 2.00331
35.8142, 2.00478
35.877, 2.00222
35.9398, 2.00374
36.0027, 2.00259
36.0655, 2.00513
36.1283, 2.00524
36.1911, 2.00602
36.254, 2.0068
36.3168, 2.00214
36.3796, 2.00389
36.4425, 2.00295
36.5053, 2.00427
36.5681, 2.00536
36.631, 2.00299
36.6938, 2.00392
36.7566, 2.00482
36.8195, 2.00521
36.8823, 2.0033
36.9451, 2.00008
37.008, 2.00358
37.0708, 2.00506
37.1336, 2.00633
37.1965, 2.00394
37.2593, 2.00417
37.3221, 2.00217
37.385, 2.00302
37.4478, 2.00383
37.5106, 2.0055
37.5734, 2.00496
37.6363, 2.00316
37.6991, 2.00697
37.7619, 2.00323
37.8248, 2.00156
37.8876, 2.0016
37.9504, 2.00175
38.0133, 2.00289
38.0761, 2.00559
38.1389, 2.00445
38.2018, 2.00335
38.2646, 2.00424
38.3274, 2.00425
38.3903, 2.00716
38.4531, 2.005
38.5159, 2.00369
38.5788, 2.0041
38.6416, 2.00306
38.7044, 2.00217
38.7673, 2.00327
38.8301, 2.00215
38.8929, 2.00241
38.9557, 2.00352
39.0186, 2.0039
39.0814, 2.00441
39.1442, 2.00424
39.2071, 2.00461
39.2699, 2.0047
39.3327, 2.00278
39.3956, 2.00288
39.4584, 2.00444
39.5212, 2.00728
39.5841, 2.00552
39.6469, 2.00307
39.7097, 2.00462
39.7726, 2.00533
39.8354, 2.00355
39.8982, 2.00682
39.9611, 2.00344
40.0239, 2.00287
40.0867, 2.00341
40.1496, 2.00699
40.2124, 2.00547
40.2752, 2.00568
40.338, 2.00471
40.4009, 2.00471
40.4637, 2.00503
40.5265, 2.00459
40.5894, 2.00412
40.6522, 2.00652
40.715, 2.00618
40.7779, 2.00309
40.8407, 2.00105
40.9035, 2.00295
40.9664, 2.00354
41.0292, 2.00291
41.092, 2.00394
41.1549, 2.00554
41.2177, 2.00626
41.2805, 2.00497
41.3434, 2.00539
41.4062, 2.00493
41.469, 2.003
41.5319, 2.00566
41.5947, 2.00391
41.6575, 2.00526
41.7204, 2.00764
41.7832, 2.00504
41.846, 2.00547
41.9088, 2.00417
41.9717, 2.008
42.0345, 2.00404
42.0973, 2.00262
42.1602, 2.00303
42.223, 2.00342
42.2858, 2.00387
42.3487, 2.00653
42.4115, 2.00728
42.4743, 2.00748
42.5372, 2.0056
42.6, 2.0031
42.6628, 2.00278
42.7257, 2.00412
42.7885, 2.00509
42.8513, 2.00695
42.9142, 2.00761
42.977, 2.00603
43.0398, 2.00482
43.1027, 2.00414
43.1655, 2.00451
43.2283, 2.00569
43.2911, 2.00511
43.354, 2.00647
43.4168, 2.00487
43.4796, 2.00697
43.5425, 2.00532
43.6053, 2.00473
43.6681, 2.00499
43.731, 2.00209
43.7938, 2.00144
43.8566, 2.00344
43.9195, 2.00327
43.9823, 2.0035
44.0451, 2.00432
44.108, 2.00237
44.1708, 2.00337
44.2336, 2.0036
44.2965, 2.00143
44.3593, 2.00282
44.4221, 2.00391
44.485, 2.0034
44.5478, 2.00355
44.6106, 2.00322
44.6734, 2.00188
44.7363, 2.00203
44.7991, 2.00152
44.8619, 2.00684
44.9248, 2.00644
44.9876, 2.00434
45.0504, 2.00243
45.1133, 2.00596
45.1761, 2.00455
45.2389, 2.00474
45.3018, 2.00453
45.3646, 2.00356
45.4274, 2.00318
45.4903, 2.00221
45.5531, 2.00357
45.6159, 2.00147
45.6788, 2.00305
45.7416, 2.00256
45.8044, 2.00242
45.8673, 2.00174
45.9301, 2.00392
45.9929, 2.00492
46.0557, 2.00383
46.1186, 2.00381
46.1814, 2.00293
46.2442, 2.00147
46.3071, 2.00499
46.3699, 2.00399
46.4327, 2.00319
46.4956, 2.00124
46.5584, 2.0036
46.6212, 2.00325
46.6841, 2.00403
46.7469, 2.00342
46.8097, 2.00542
46.8726, 2.00495
46.9354, 2.00344
46.9982, 2.00276
47.0611, 2.00231
47.1239, 1.99971
47.1867, 2.00527
47.2496, 2.00442
47.3124, 2.00421
47.3752, 2.00316
47.438, 2.00646
47.5009, 2.00422
47.5637, 2.00505
47.6265, 2.00425
47.6894, 2.00313
47.7522, 2.00456
47.815, 2.00175
47.8779, 2.00044
47.9407, 2.00446
48.0035, 2.00526
48.0664, 2.00536
48.1292, 2.00614
48.192, 2.00029
48.2549, 2.00501
48.3177, 2.00446
48.3805, 2.00388
48.4434, 2.00241
48.5062, 2.00401
48.569, 2.00367
48.6319, 2.00311
48.6947, 2.00339
48.7575, 2.00325
48.8203, 2.00174
48.8832, 2.00399
48.946, 2.00464
49.0088, 2.00349
49.0717, 2.00417
49.1345, 2.00465
49.1973, 2.00344
49.2602, 2.00484
49.323, 2.00256
49.3858, 2.00111
49.4487, 2.00464
49.5115, 2.00405
49.5743, 2.00179
49.6372, 2.00268
49.7, 2.00402
49.7628, 2.0025
49.8257, 2.00288
49.8885, 2.00099
49.9513, 2.00078
50.0142, 2.00052
50.077, 2.00198
50.1398, 2.00398
50.2027, 2.00222
50.2655, 2.00121
50.3283, 2.00038
50.3911, 2.00061
50.454, 2.00038
50.5168, 1.99979
50.5796, 2.0022
50.6425, 2.00242
50.7053, 2.00176
50.7681, 2.0024
50.831, 2.00148
50.8938, 2.00228
50.9566, 2.00352
51.0195, 2.00264
51.0823, 2.00221
51.1451, 2.00313
51.208, 2.00095
51.2708, 2.00041
51.3336, 2.00053
51.3965, 2.00001
51.4593, 2.00129
51.5221, 2.00276
51.585, 2.00011
51.6478, 2.00325
51.7106, 1.99923
51.7734, 1.99898
51.8363, 2.00053
51.8991, 1.99753
51.9619, 2.00079
52.0248, 2.00207
52.0876, 1.99993
52.1504, 1.99999
52.2133, 1.99822
52.2761, 1.99722
52.3389, 1.99893
52.4018, 2.00027
52.4646, 2.00138
52.5274, 2.00339
52.5903, 1.99982
52.6531, 1.99837
52.7159, 1.99958
52.7788, 2.00032
52.8416, 1.99934
52.9044, 2.0019
52.9673, 1.99867
53.0301, 1.99822
53.0929, 2.00005
53.1557, 2.00119
53.2186, 2.00083
53.2814, 1.99796
53.3442, 1.99983
53.4071, 1.99784
53.4699, 1.99842
53.5327, 1.99985
53.5956, 2.00119
53.6584, 1.99992
53.7212, 2.00096
53.7841, 1.99834
53.8469, 1.99689
53.9097, 1.99954
53.9726, 1.99824
54.0354, 1.9963
54.0982, 1.99915
54.1611, 1.9992
54.2239, 2.00276
54.2867, 2.00082
54.3496, 2.00234
54.4124, 1.99847
54.4752, 1.99928
54.538, 2.00162
54.6009, 1.99924
54.6637, 1.99999
54.7265, 2.00056
54.7894, 1.99843
54.8522, 1.99898
54.915, 2.00052
54.9779, 1.99632
55.0407, 1.99998
55.1035, 1.99939
55.1664, 2.00064
55.2292, 1.99744
55.292, 1.99838
55.3549, 1.99871
55.4177, 1.99908
55.4805, 1.99747
55.5434, 2.00055
55.6062, 2.00036
55.669, 1.99969
55.7319, 1.9986
55.7947, 1.99709
55.8575, 1.99749
55.9203, 1.99647
55.9832, 1.99844
56.046, 2.00187
56.1088, 1.99842
56.1717, 1.99525
56.2345, 1.99808
56.2973, 1.99973
56.3602, 1.99813
56.423, 1.9982
56.4858, 1.99961
56.5487, 1.99969
56.6115, 1.99936
56.6743, 1.99721
56.7372, 1.99958
56.8, 2.00122
56.8628, 2.00123
56.9257, 1.99936
56.9885, 1.99985
57.0513, 2.00003
57.1142, 1.99956
57.177, 2.00113
57.2398, 2.00078
57.3027, 2.00204
57.3655, 2.00058
57.4283, 1.99877
57.4911, 1.99961
57.554, 1.99866
57.6168, 1.99867
57.6796, 2.00171
57.7425, 2.00206
57.8053, 2.00212
57.8681, 2.00065
57.931, 2.00206
57.9938, 2.00344
58.0566, 2.00097
58.1195, 2.00028
58.1823, 2.00024
58.2451, 2.00228
58.308, 2.00012
58.3708, 2.00205
58.4336, 2.00189
58.4965, 1.9995
58.5593, 2.00225
58.6221, 2.00241
58.685, 1.9997
58.7478, 2.00079
58.8106, 2.00058
58.8734, 2.00014
58.9363, 2.00034
58.9991, 2.00081
59.0619, 2.00266
59.1248, 2.00359
59.1876, 2.00334
59.2504, 2.00297
59.3133, 2.00219
59.3761, 2.00616
59.4389, 2.00151
59.5018, 1.99918
59.5646, 2.00247
59.6274, 2.00288
59.6903, 2.00078
59.7531, 2.00141
59.8159, 1.9977
59.8788, 1.99927
59.9416, 1.99797
60.0044, 2.00077
60.0673, 2.00088
60.1301, 2.0034
60.1929, 2.00273
60.2557, 2.00065
60.3186, 1.99842
60.3814, 2.00062
60.4442, 2.00067
60.5071, 1.99959
60.5699, 2.00112
60.6327, 2.00098
60.6956, 1.99977
60.7584, 2.002
60.8212, 2.00184
60.8841, 2.00168
60.9469, 2.00292
61.0097, 2.00082
61.0726, 2.00096
61.1354, 2.00216
61.1982, 2.00033
61.2611, 2.00135
61.3239, 2.00196
61.3867, 2.00085
61.4496, 2.00404
61.5124, 2.0021
61.5752, 1.99955
61.638, 2.00204
61.7009, 2.00015
61.7637, 2.00131
61.8265, 2.00089
61.8894, 1.9996
61.9522, 2.00087
62.015, 1.99974
62.0779, 1.998
62.1407, 1.99979
62.2035, 1.99888
62.2664, 2.00216
62.3292, 1.99923
62.392, 1.99644
62.4549, 2.00166
62.5177, 1.99912
62.5805, 1.99949
62.6434, 1.99987
62.7062, 2.00294
62.769, 2.00196
62.8319, 2.0017
62.8947, 1.99976
62.9575, 1.99698
63.0203, 1.99734
63.0832, 1.99823
63.146, 2.00034
63.2088, 1.9974
63.2717, 1.9963
63.3345, 1.99913
63.3973, 1.99903
63.4602, 1.99811
63.523, 2.00039
63.5858, 2.00054
63.6487, 2.00197
63.7115, 2.00083
63.7743, 2.00074
63.8372, 1.99793
63.9, 1.99835
63.9628, 1.99845
64.0257, 1.99945
64.0885, 1.99762
64.1513, 2.00096
64.2142, 2.00005
64.277, 1.99738
64.3398, 1.99892
64.4026, 1.99869
64.4655, 1.99978
64.5283, 1.99846
64.5911, 1.99973
64.654, 1.99779
64.7168, 1.9986
64.7796, 2.00119
64.8425, 2.00016
64.9053, 2.00026
64.9681, 2.00066
65.031, 1.99845
65.0938, 1.99992
65.1566, 1.99671
65.2195, 1.99991
65.2823, 1.99775
65.3451, 1.99708
65.408, 1.99846
65.4708, 1.99891
65.5336, 1.99987
65.5965, 1.99968
65.6593, 1.99814
65.7221, 1.99806
65.785, 2.00065
65.8478, 1.99977
65.9106, 2.00148
65.9734, 1.99596
66.0363, 1.99956
66.0991, 1.99904
66.1619, 1.99989
66.2248, 1.99989
66.2876, 1.99771
66.3504, 1.99842
66.4133, 1.99678
66.4761, 1.99892
66.5389, 2.0013
66.6018, 2.00264
66.6646, 2.00021
66.7274, 2.00193
66.7903, 2.00353
66.8531, 2.00029
66.9159, 1.99751
66.9788, 1.99924
67.0416, 1.99899
67.1044, 1.99947
67.1673, 1.99978
67.2301, 2.00095
67.2929, 1.99948
67.3557, 1.9991
67.4186, 2.00026
67.4814, 2.00075
67.5442, 2.00044
67.6071, 1.99903
67.6699, 2.00076
67.7327, 1.99952
67.7956, 1.99849
67.8584, 1.99861
67.9212, 1.99913
67.9841, 1.99893
68.0469, 2.0016
68.1097, 2.00164
68.1726, 2.00075
68.2354, 2.00168
68.2982, 1.99745
68.3611, 1.99774
68.4239, 2.00088
68.4867, 1.99882
68.5496, 1.9995
68.6124, 2.00158
68.6752, 2.00016
68.738, 2.00119
68.8009, 1.99931
68.8637, 2.00015
68.9265, 2.00049
68.9894, 1.99989
69.0522, 2.00038
69.115, 1.99908
69.1779, 1.99873
69.2407, 1.99971
69.3035, 1.99659
69.3664, 2.00001
69.4292, 1.99957
69.492, 1.99917
69.5549, 2.00163
69.6177, 2.00069
69.6805, 2.00134
69.7434, 2.00103
69.8062, 1.99935
69.869, 1.99663
69.9319, 1.99965
69.9947, 2.00282
70.0575, 1.99984
70.1203, 2.00084
70.1832, 1.99929
70.246, 2.00006
70.3088, 1.99841
70.3717, 2.00086
70.4345, 2.00171
70.4973, 2.00079
70.5602, 1.99931
70.623, 2
70.6858, 1.99877
70.7487, 1.9998
70.8115, 2.00039
70.8743, 2.00279
70.9372, 2.00124
71, 1.9988
71.0628, 1.99924
71.1257, 2.0007
71.1885, 2.00083
71.2513, 2.00112
71.3142, 1.9976
71.377, 1.99812
71.4398, 1.99974
71.5026, 1.99998
71.5655, 2.00123
71.6283, 1.99908
71.6911, 1.99841
71.754, 1.99931
71.8168, 2.00096
71.8796, 2.00004
71.9425, 2.0011
72.0053, 1.99874
72.0681, 1.99936
72.131, 2.00113
72.1938, 1.99769
72.2566, 1.99777
72.3195, 2.00174
72.3823, 1.99649
72.4451, 1.99908
72.508, 1.99966
72.5708, 1.99917
72.6336, 1.99801
72.6965, 1.99889
72.7593, 1.99791
72.8221, 1.99666
72.8849, 2.00011
72.9478, 2.00072
73.0106, 1.99936
73.0734, 1.99878
73.1363, 1.99839
73.1991, 1.99926
73.2619, 2.00216
73.3248, 1.99996
73.3876, 2.00094
73.4504, 2.00032
73.5133, 2.00329
73.5761, 1.99973
73.6389, 1.9998
73.7018, 1.99855
73.7646, 2.00023
73.8274, 1.99934
73.8903, 2.00332
73.9531, 2.00196
74.0159, 2.00243
74.0788, 2.00301
74.1416, 2.00319
74.2044, 2.00107
74.2673, 2.0026
74.3301, 2.00186
74.3929, 2.00228
74.4557, 2.00083
74.5186, 2.00164
74.5814, 2.0018
74.6442, 2.00107
74.7071, 1.99956
74.7699, 1.99984
74.8327, 2.00205
74.8956, 2
74.9584, 2.00003
75.0212, 1.99762
75.0841, 1.99994
75.1469, 1.99902
75.2097, 1.99993
75.2726, 2.00048
75.3354, 1.99634
75.3982, 1.99959
75.4611, 1.99913
75.5239, 1.99928
75.5867, 1.99886
75.6496, 2.00193
75.7124, 2.00089
75.7752, 1.99983
75.838, 1.99974
75.9009, 1.99784
75.9637, 1.99781
76.0265, 1.99852
76.0894, 1.99898
76.1522, 2.00004
76.215, 2.00011
76.2779, 2.00281
76.3407, 1.99993
76.4035, 1.99986
76.4664, 1.99943
76.5292, 2.00116
76.592, 2.00273
76.6549, 1.99956
76.7177, 2.0015
76.7805, 1.99941
76.8434, 2.00158
76.9062, 2.00011
76.969, 2.00163
77.0319, 2.00086
77.0947, 2.00156
77.1575, 2.00037
77.2203, 2.00157
77.2832, 2.00102
77.346, 2.00005
77.4088, 1.99912
77.4717, 1.99943
77.5345, 2.00044
77.5973, 2.00042
77.6602, 2.0003
77.723, 1.9998
77.7858, 1.99933
77.8487, 1.99964
77.9115, 1.99856
77.9743, 2.00221
78.0372, 2.00155
78.1, 1.99904
78.1628, 2.0012
78.2257, 1.99807
78.2885, 1.9996
78.3513, 2.00182
78.4142, 2.00069
78.477, 2.00128
78.5398, 2.00286
78.6026, 2.00082
78.6655, 2.00138
78.7283, 2.00232
78.7911, 2.00199
78.854, 1.99983
78.9168, 2.00295
78.9796, 2.00089
79.0425, 2.00043
79.1053, 2.00286
79.1681, 2.00173
79.231, 2.00203
79.2938, 2.00074
79.3566, 2.0007
79.4195, 1.99835
79.4823, 1.9998
79.5451, 2.00241
79.608, 1.99935
79.6708, 2.00026
79.7336, 1.99915
79.7965, 2.00093
79.8593, 2.00154
79.9221, 1.99973
79.9849, 1.99955
80.0478, 2.00163
80.1106, 1.99711
80.1734, 2.00012
80.2363, 1.99791
80.2991, 1.99924
80.3619, 2.00007
80.4248, 1.99694
80.4876, 1.99996
80.5504, 1.99791
80.6133, 1.99976
80.6761, 2.00023
80.7389, 1.99739
80.8018, 1.99921
80.8646, 1.99694
80.9274, 1.99921
80.9903, 1.99805
81.0531, 1.99851
81.1159, 1.99956
81.1788, 1.99875
81.2416, 2.00019
81.3044, 2.00188
81.3672, 2.00109
81.4301, 2.00274
81.4929, 1.99874
81.5557, 1.99738
81.6186, 2.00117
81.6814, 1.99903
81.7442, 1.99928
81.8071, 1.99903
81.8699, 1.99935
81.9327, 1.99933
81.9956, 1.99965
82.0584, 1.9982
82.1212, 1.99923
82.1841, 1.9991
82.2469, 1.99564
82.3097, 1.99863
82.3726, 1.99838
82.4354, 1.99616
82.4982, 1.99638
82.5611, 1.99659
82.6239, 1.99796
82.6867, 1.99829
82.7496, 1.99781
82.8124, 1.99961
82.8752, 1.99878
82.938, 1.99942
83.0009, 1.99717
83.0637, 1.99959
83.1265, 2.00047
83.1894, 2.00081
83.2522, 1.9982
83.315, 1.99981
83.3779, 1.99753
83.4407, 1.99533
83.5035, 1.9954
83.5664, 1.99716
83.6292, 2.00069
83.692, 1.99786
83.7549, 1.99944
83.8177, 1.9978
83.8805, 1.99826
83.9434, 1.99531
84.0062, 1.99748
84.069, 1.99694
84.1319, 1.99677
84.1947, 1.9964
84.2575, 1.99673
84.3203, 1.99697
84.3832, 1.99834
84.446, 1.99692
84.5088, 1.99546
84.5717, 1.99755
84.6345, 1.99578
84.6973, 1.99622
84.7602, 1.99638
84.823, 1.99991
84.8858, 1.99614
84.9487, 1.99475
85.0115, 1.99871
85.0743, 1.99853
85.1372, 1.9972
85.2, 1.99541
85.2628, 1.99736
85.3257, 1.99679
85.3885, 1.99941
85.4513, 1.99739
85.5142, 1.99721
85.577, 1.99568
85.6398, 1.99615
85.7026, 1.99921
85.7655, 1.99834
85.8283, 1.99851
85.8911, 1.99767
85.954, 1.99817
86.0168, 1.99804
86.0796, 1.99631
86.1425, 1.99809
86.2053, 1.99674
86.2681, 1.9992
86.331, 1.99991
86.3938, 1.99664
86.4566, 1.99797
86.5195, 1.99687
86.5823, 1.99749
86.6451, 1.99564
86.708, 1.99454
86.7708, 1.9967
86.8336, 1.99826
86.8965, 1.99651
86.9593, 1.99756
87.0221, 1.99548
87.0849, 1.99663
87.1478, 1.99714
87.2106, 1.99856
87.2734, 1.9966
87.3363, 1.9953
87.3991, 1.99665
87.4619, 1.99472
87.5248, 1.99558
87.5876, 1.99696
87.6504, 1.9967
87.7133, 1.99557
87.7761, 1.99643
87.8389, 1.99779
87.9018, 1.99647
87.9646, 1.99884
88.0274, 1.9946
88.0903, 1.99664
88.1531, 1.99765
88.2159, 1.99908
88.2788, 1.99626
88.3416, 1.99822
88.4044, 1.99794
88.4672, 1.99574
88.5301, 1.99751
88.5929, 1.99791
88.6557, 1.9966
88.7186, 1.9958
88.7814, 1.99959
88.8442, 1.99915
88.9071, 1.99854
88.9699, 1.99855
89.0327, 1.99992
89.0956, 1.99812
89.1584, 1.99731
89.2212, 1.99864
89.2841, 1.9983
89.3469, 1.99629
89.4097, 2.00032
89.4726, 2.00128
89.5354, 1.99987
89.5982, 2.00111
89.6611, 1.99902
89.7239, 2.00148
89.7867, 2.00161
89.8495, 2.0018
89.9124, 2.0039
89.9752, 1.99941
90.038, 2.00084
90.1009, 2.00176
90.1637, 2.00221
90.2265, 1.99973
90.2894, 2.00238
90.3522, 2.00079
90.415, 2.00031
90.4779, 2.0013
90.5407, 1.99876
90.6035, 1.99911
90.6664, 2.00166
90.7292, 2.00146
90.792, 2.00123
90.8549, 2.00243
90.9177, 2.00285
90.9805, 2.00062
91.0434, 2.00055
91.1062, 2.00001
91.169, 1.99997
91.2319, 2.00229
91.2947, 2.00045
91.3575, 2.00117
91.4203, 2.00174
91.4832, 1.99909
91.546, 1.99845
91.6088, 1.99827
91.6717, 1.99746
91.7345, 1.99992
91.7973, 2.00061
91.8602, 1.99954
91.923, 1.99889
91.9858, 1.99914
92.0487, 2.00021
92.1115, 1.99905
92.1743, 2.00368
92.2372, 2.0011
92.3, 2.0019
92.3628, 1.99889
92.4257, 2.00154
92.4885, 1.99921
92.5513, 2.00241
92.6142, 2.00005
92.677, 1.99689
92.7398, 2.00013
92.8026, 2.00305
92.8655, 2.00116
92.9283, 2.00153
92.9911, 2.00273
93.054, 2.00235
93.1168, 2.00117
93.1796, 1.99965
93.2425, 2.00095
93.3053, 1.99952
93.3681, 2.00041
93.431, 1.99705
93.4938, 2.00109
93.5566, 2.00313
93.6195, 2.00077
93.6823, 2.00179
93.7451, 2.00395
93.808, 2.00082
93.8708, 2.00239
93.9336, 2.00176
93.9965, 1.9985
94.0593, 2.00111
94.1221, 2.00205
94.1849, 2.00282
94.2478, 2.00108
94.3106, 2.00206
94.3734, 1.99946
94.4363, 1.99879
94.4991, 2.00116
94.5619, 2.00179
94.6248, 2.0012
94.6876, 1.99775
94.7504, 2.00068
94.8133, 2.00097
94.8761, 2.00025
94.9389, 2.00048
95.0018, 1.99766
95.0646, 2.00131
95.1274, 1.99828
95.1903, 2.00096
95.2531, 1.99895
95.3159, 2.00099
95.3788, 2.00081
95.4416, 1.99932
95.5044, 2.00093
95.5672, 1.99876
95.6301, 1.99988
95.6929, 1.99694
95.7557, 1.99945
95.8186, 2.00097
95.8814, 2.00015
95.9442, 2.00015
96.0071, 1.99768
96.0699, 1.99982
96.1327, 1.99862
96.1956, 2.00052
96.2584, 1.99964
96.3212, 2.00131
96.3841, 2.00252
96.4469, 1.99875
96.5097, 2.0016
96.5726, 1.99987
96.6354, 2.0001
96.6982, 1.99918
96.7611, 2.00054
96.8239, 2.00071
96.8867, 2.00006
96.9495, 1.9991
97.0124, 2.00155
97.0752, 2.00022
97.138, 1.99897
97.2009, 1.99866
97.2637, 1.99913
97.3265, 1.99829
97.3894, 1.99686
97.4522, 1.99997
97.515, 1.99797
97.5779, 1.99986
97.6407, 1.99936
97.7035, 1.99988
97.7664, 2.00123
97.8292, 1.99985
97.892, 1.99965
97.9549, 2.00077
98.0177, 2.0006
98.0805, 1.99785
98.1434, 2.00149
98.2062, 1.99928
98.269, 1.99953
98.3319, 1.99856
98.3947, 2.00149
98.4575, 1.99959
98.5203, 2.00104
98.5832, 1.99982
98.646, 2.00024
98.7088, 2.00076
98.7717, 2.00105
98.8345, 1.99969
98.8973, 1.9988
98.9602, 2.00037
99.023, 2.00093
99.0858, 1.99958
99.1487, 1.9999
99.2115, 2.00142
99.2743, 1.99796
99.3372, 2.00027
99.4, 2.00085
99.4628, 2.00145
99.5257, 1.99854
99.5885, 2.00025
99.6513, 1.99814
99.7142, 2.00097
99.777, 2.00237
99.8398, 2.00095
99.9026, 2.00134
99.9655, 2.00118
100.028, 2.00067
100.091, 1.99953
100.154, 1.99859
100.217, 2.00327
100.28, 2.00252
100.342, 2.00183
100.405, 2.00229
100.468, 2.0015
100.531, 2.00098
100.594, 2.00003
100.657, 2.00023
100.719, 2.0002
100.782, 1.99955
100.845, 1.99933
100.908, 1.99887
100.971, 1.99838
101.034, 2.00105
101.096, 2.00299
101.159, 2.00175
101.222, 2.00042
101.285, 1.99805
101.348, 2.00115
101.411, 2.00146
101.473, 1.99864
101.536, 1.99957
101.599, 1.99793
101.662, 1.99687
101.725, 1.99882
101.788, 1.99812
101.85, 1.99929
101.913, 1.99927
101.976, 1.99842
102.039, 2.0013
102.102, 2.00088
102.165, 2.00022
102.227, 2.00056
102.29, 1.99838
102.353, 1.99856
102.416, 2.00032
102.479, 2.00108
102.542, 2.00019
102.604, 1.99879
102.667, 2.00037
102.73, 2.00182
102.793, 1.99882
102.856, 2.00424
102.919, 2.00096
102.981, 1.99931
103.044, 2.00022
103.107, 2.00025
103.17, 1.99944
103.233, 2.00059
103.296, 2.00146
103.358, 2.00245
103.421, 2.00076
103.484, 2.0023
103.547, 2.00153
103.61, 2.00095
103.673, 2.00062
103.735, 2.00161
103.798, 1.99996
103.861, 1.99884
103.924, 2.00075
103.987, 1.99968
104.05, 2.00004
104.112, 1.9985
104.175, 1.9994
104.238, 2.00158
104.301, 1.99889
104.364, 2.00009
104.427, 1.99899
104.489, 1.99738
104.552, 1.99954
104.615, 2.00131
104.678, 1.99644
104.741, 1.99929
104.804, 1.99874
104.866, 1.99852
104.929, 1.99735
104.992, 1.99935
105.055, 1.9987
105.118, 1.99926
105.181, 2.0021
105.243, 2.00191
105.306, 1.99977
105.369, 2.00031
105.432, 2.00055
105.495, 1.99924
105.558, 1.99833
105.62, 1.9995
105.683, 2.00058
105.746, 2.00013
105.809, 1.99817
105.872, 1.99794
105.935, 1.9974
105.997, 1.99713
106.06, 1.99865
106.123, 1.99686
106.186, 1.99963
106.249, 1.99777
106.311, 1.99895
106.374, 2.0013
106.437, 1.99779
106.5, 2.00001
106.563, 1.99742
106.626, 1.99814
106.688, 1.99822
106.751, 1.99861
106.814, 1.9995
106.877, 1.99921
106.94, 2.00142
107.003, 2.00125
107.065, 1.99777
107.128, 1.99944
107.191, 1.99933
107.254, 1.99984
107.317, 2.00067
107.38, 2.00117
107.442, 2.00104
107.505, 2.00035
107.568, 2.00003
107.631, 2.00137
107.694, 2.00078
107.757, 2.00107
107.819, 2.00244
107.882, 2.00078
107.945, 2.00112
108.008, 2.00171
108.071, 2.00133
108.134, 1.99855
108.196, 2.00172
108.259, 2.00511
108.322, 2.00107
108.385, 1.9997
108.448, 2.00086
108.511, 2.00238
108.573, 2.00323
108.636, 2.00073
108.699, 2.0019
108.762, 2.00146
108.825, 2.00186
108.888, 2.00108
108.95, 2.00087
109.013, 2.0004
109.076, 2.00105
109.139, 2.00249
109.202, 2.00339
109.265, 1.99912
109.327, 1.99879
109.39, 1.99858
109.453, 1.99872
109.516, 1.99858
109.579, 2.0015
109.642, 2.0002
109.704, 2.00048
109.767, 1.99984
109.83, 1.99822
109.893, 1.99922
109.956, 2.00091
110.019, 2.00264
110.081, 1.99941
110.144, 2.00056
110.207, 1.99957
110.27, 2.00012
110.333, 1.99919
110.396, 1.99879
110.458, 1.99881
110.521, 1.99832
110.584, 2.00225
110.647, 2.0022
110.71, 2.00163
110.773, 1.99973
110.835, 1.99989
110.898, 2.00177
110.961, 2.00279
111.024, 2.00009
111.087, 2.00081
111.15, 2.00239
111.212, 1.9998
111.275, 1.99912
111.338, 2.00031
111.401, 1.99972
111.464, 2.00018
111.527, 1.99862
111.589, 1.9994
111.652, 2.0002
111.715, 1.99752
111.778, 1.99883
111.841, 1.99931
111.904, 2.00037
111.966, 1.99898
112.029, 2.00219
112.092, 2.00363
112.155, 2.00299
112.218, 2.00106
112.281, 2.00159
112.343, 2.00238
112.406, 2.00014
112.469, 1.99976
112.532, 1.99899
112.595, 2.00059
112.658, 2.00134
112.72, 1.99895
112.783, 1.99874
112.846, 2.00232
112.909, 2.00281
112.972, 1.99996
113.035, 2.00087
113.097, 2.00152
113.16, 2.00064
113.223, 1.9993
113.286, 2.00049
113.349, 2.00102
113.411, 1.9994
113.474, 2.00066
113.537, 2.00015
113.6, 1.99909
113.663, 1.99857
113.726, 1.99781
113.788, 1.99929
113.851, 2.00171
113.914, 1.99793
113.977, 2.00047
114.04, 1.99992
114.103, 1.99988
114.165, 1.99886
114.228, 1.99809
114.291, 1.99916
114.354, 1.99931
114.417, 1.99947
114.48, 2.00421
114.542, 2.00113
114.605, 2.00039
114.668, 2.00285
114.731, 2.00262
114.794, 2.00336
114.857, 2.00073
114.919, 2.00169
114.982, 1.9999
115.045, 2.00103
115.108, 2.00212
115.171, 1.99801
115.234, 1.99972
115.296, 1.99897
115.359, 2.00098
115.422, 2.00089
115.485, 2.00113
115.548, 1.99982
115.611, 1.99892
115.673, 2.00239
115.736, 2.00099
115.799, 2.00048
115.862, 1.99738
115.925, 1.99996
115.988, 1.99988
116.05, 1.99711
116.113, 1.99832
116.176, 1.99961
116.239, 1.99888
116.302, 2.00149
116.365, 2.00307
116.427, 1.99862
116.49, 1.9993
116.553, 2.00087
116.616, 2.00051
116.679, 1.99862
116.742, 2.00176
116.804, 2.00096
116.867, 2.00253
116.93, 2.00293
116.993, 2.00318
117.056, 2.00193
117.119, 2.00006
117.181, 2.00066
117.244, 2.00121
117.307, 2.00142
117.37, 2.00245
117.433, 2.00147
117.496, 2.00055
117.558, 2.00241
117.621, 2.0027
117.684, 2.00184
117.747, 2.00174
117.81, 2.0032
117.873, 2.00082
117.935, 2.00116
117.998, 2.00459
118.061, 2.00055
118.124, 1.99849
118.187, 1.99988
118.25, 2.00142
118.312, 1.99964
118.375, 2.00319
118.438, 2.00153
118.501, 2.00131
118.564, 2.00011
118.627, 2.00339
118.689, 2.00022
118.752, 2.00057
118.815, 2.00198
118.878, 1.99916
118.941, 2.00244
119.004, 2.00157
119.066, 2.00071
119.129, 2.00047
119.192, 1.99942
119.255, 2.00145
119.318, 2.00039
119.381, 2.00072
119.443, 2.00218
119.506, 2.00177
119.569, 2.00116
119.632, 1.99656
119.695, 1.99893
119.758, 1.99952
119.82, 1.99932
119.883, 1.9989
119.946, 1.99805
120.009, 2.00024
120.072, 1.99926
120.135, 2.00014
120.197, 2.00103
120.26, 2.00272
120.323, 2.00164
120.386, 2.00036
120.449, 2.00005
120.511, 2.00038
120.574, 2.00193
120.637, 2.00104
120.7, 2.00254
120.763, 2.00061
120.826, 2.00226
120.888, 2.00185
120.951, 2.00156
121.014, 2.004
121.077, 2.002
121.14, 2.00207
121.203, 2.00277
121.265, 2.00286
121.328, 2.00343
121.391, 2.0032
121.454, 2.00217
121.517, 2.00398
121.58, 2.00301
121.642, 2.00469
121.705, 2.00369
121.768, 2.00455
121.831, 2.00169
121.894, 2.00206
121.957, 1.99954
122.019, 2.00245
122.082, 2.00289
122.145, 2.00154
122.208, 2.00116
122.271, 2.00156
122.334, 2.00164
122.396, 1.99876
122.459, 2.00199
122.522, 2.00026
122.585, 2.00145
122.648, 2.00018
122.711, 2.00155
122.773, 2.00083
122.836, 2.00283
122.899, 2.00074
122.962, 1.99943
123.025, 1.99766
123.088, 1.99987
123.15, 1.99976
123.213, 2.00075
123.276, 1.99829
123.339, 2.00094
123.402, 1.99999
123.465, 1.99955
123.527, 1.99827
123.59, 1.99805
123.653, 1.99728
123.716, 1.99712
123.779, 1.99827
123.842, 1.99993
123.904, 2.00007
123.967, 1.99931
124.03, 1.9986
124.093, 1.9993
124.156, 2.0024
124.219, 1.9995
124.281, 2.00007
124.344, 1.9999
124.407, 1.99959
124.47, 2.00007
124.533, 2.00316
124.596, 2.00251
124.658, 2.00072
124.721, 1.99988
124.784, 2.00026
124.847, 2.00055
124.91, 2.00182
124.973, 2.00091
125.035, 2.00467
125.098, 2.00231
125.161, 2.00301
125.224, 2.00072
125.287, 2.00207
125.35, 2.00313
125.412, 2.00147
125.475, 2.00047
125.538, 2.00172
125.601, 2.00047
125.664, 2.00096
125.727, 2.00162
125.789, 2.00215
125.852, 1.99942
125.915, 2.00088
125.978, 2.00134
126.041, 2.00153
126.104, 2.00151
126.166, 1.99929
126.229, 2.00047
126.292, 2.00001
126.355, 2.00195
126.418, 2.00044
126.481, 2.00166
126.543, 1.99994
126.606, 2.00077
126.669, 1.99923
126.732, 2.00033
126.795, 2.00143
126.858, 2.0018
126.92, 2.00045
126.983, 2.00164
127.046, 2.00028
127.109, 1.99977
127.172, 2.00147
127.235, 2.00257
127.297, 2.00372
127.36, 2.00288
127.423, 2.00294
127.486, 1.99849
127.549, 2.00066
127.611, 2.00062
127.674, 1.9988
127.737, 1.99986
127.8, 1.99612
127.863, 2.00159
127.926, 2.00062
127.988, 2.00259
128.051, 2.00307
128.114, 2.00393
128.177, 2.00095
128.24, 2.00119
128.303, 1.99752
128.365, 2.00002
128.428, 1.99714
128.491, 1.99899
128.554, 1.99941
128.617, 2.003
128.68, 1.9998
128.742, 1.99978
128.805, 2.00183
128.868, 2.00014
128.931, 1.99821
128.994, 1.99811
129.057, 1.99894
129.119, 1.99798
129.182, 2.00023
129.245, 2.00031
129.308, 2.00004
129.371, 1.99925
129.434, 1.99888
129.496, 1.99751
129.559, 1.99775
129.622, 1.9997
129.685, 2.0005
129.748, 1.99969
129.811, 1.99757
129.873, 1.9985
129.936, 2.00023
129.999, 2.00006
130.062, 2.00152
130.125, 1.99851
130.188, 1.99865
130.25, 1.99732
130.313, 1.99914
130.376, 1.99904
130.439, 1.99879
130.502, 1.99951
130.565, 1.99978
130.627, 1.99827
130.69, 1.99894
130.753, 2.00015
130.816, 1.99851
130.879, 2.00326
130.942, 1.9994
131.004, 2.00022
131.067, 1.99877
131.13, 2.00174
131.193, 1.99868
131.256, 1.99958
131.319, 1.99853
131.381, 1.99887
131.444, 2.00002
131.507, 1.99912
131.57, 1.99864
131.633, 1.99909
131.696, 2.00004
131.758, 1.99853
131.821, 2.00129
131.884, 1.99985
131.947, 1.99856
132.01, 2.00086
132.073, 1.99914
132.135, 1.99736
132.198, 1.99753
132.261, 1.99832
132.324, 1.99822
132.387, 1.99865
132.45, 2.00111
132.512, 1.99793
132.575, 1.99919
132.638, 2.00215
132.701, 2.00046
132.764, 2.00084
132.827, 2.0001
132.889, 2.00138
132.952, 1.9989
133.015, 1.99978
133.078, 2.00166
133.141, 1.99937
133.204, 2.00013
133.266, 1.99936
133.329, 2.00017
133.392, 2.00221
133.455, 1.99898
133.518, 1.99859
133.581, 2.00008
133.643, 1.99936
133.706, 1.99928
133.769, 2.00077
133.832, 2.00163
133.895, 1.99976
133.958, 2.00054
134.02, 1.99924
134.083, 2.00172
134.146, 2.00009
134.209, 2.00222
134.272, 2.00008
134.335, 2.0037
134.397, 2.00082
134.46, 2.00074
134.523, 1.99976
134.586, 1.99948
134.649, 2.00155
134.711, 1.99969
134.774, 1.99706
134.837, 2.00052
134.9, 1.99892
134.963, 1.99901
135.026, 1.99857
135.088, 2.00058
135.151, 1.99931
135.214, 2.00046
135.277, 2.00215
135.34, 1.9995
135.403, 1.9976
135.465, 1.99864
135.528, 2.00047
135.591, 2.00073
135.654, 2.00251
135.717, 2.00046
135.78, 1.99883
135.842, 2.00001
135.905, 1.9991
135.968, 1.99895
136.031, 2.00225
136.094, 2.00178
136.157, 2.00126
136.219, 2.00253
136.282, 1.99965
136.345, 1.99963
136.408, 2.00146
136.471, 1.99874
136.534, 2.0005
136.596, 2.00035
136.659, 1.99844
136.722, 1.99658
136.785, 2.00138
136.848, 1.99863
136.911, 1.99671
136.973, 1.99883
137.036, 2.0011
137.099, 1.99998
137.162, 2.00088
137.225, 2.00235
137.288, 2.00088
137.35, 2.00014
137.413, 2.00062
137.476, 2.00144
137.539, 2.00222
137.602, 2.00217
137.665, 2.00029
137.727, 1.9996
137.79, 1.99937
137.853, 1.99991
137.916, 1.99846
137.979, 1.99651
138.042, 1.99672
138.104, 2.00155
138.167, 2.00024
138.23, 2.00031
138.293, 2.00261
138.356, 2.00145
138.419, 2.00259
138.481, 2.0017
138.544, 2.00306
138.607, 1.99913
138.67, 2.00064
138.733, 2.00077
138.796, 1.99939
138.858, 2.00192
138.921, 1.99915
138.984, 1.99952
139.047, 2.00036
139.11, 1.99891
139.173, 2.0018
139.235, 2.0024
139.298, 2.00249
139.361, 2.00048
139.424, 2.0025
139.487, 2.00233
139.55, 2.00159
139.612, 2.00127
139.675, 2.00145
139.738, 2.00031
139.801, 2.0009
139.864, 2.00172
139.927, 2.00177
139.989, 2.00128
140.052, 2.00175
140.115, 2.00091
140.178, 2.00238
140.241, 2.0016
140.304, 2.00194
140.366, 1.99821
140.429, 2.00284
140.492, 2.00055
140.555, 2.00245
140.618, 2.00548
140.681, 2.00376
140.743, 2.00151
140.806, 2.00107
140.869, 2.0005
140.932, 2.00509
140.995, 2.00132
141.058, 2.0035
141.12, 2.00495
141.183, 2.00185
141.246, 2.00064
141.309, 2.00217
141.372, 2.002
141.435, 2.00233
141.497, 2.00141
141.56, 2.00176
141.623, 2.00214
141.686, 2.00151
141.749, 2.00217
141.811, 2.00024
141.874, 2.00153
141.937, 2.00376
142, 2.00346
142.063, 2.00387
142.126, 2.00605
142.188, 2.00369
142.251, 2.00224
142.314, 2.00073
142.377, 2.00164
142.44, 2.00122
142.503, 2.00459
142.565, 2.00311
142.628, 2.00329
142.691, 1.9976
142.754, 2.00001
142.817, 2.00171
142.88, 2.0027
142.942, 2.00266
143.005, 2.00425
143.068, 2.00209
143.131, 2.00258
143.194, 2.00215
143.257, 2.00098
143.319, 2.00119
143.382, 1.99989
143.445, 2.00118
143.508, 2.00079
143.571, 2.00173
143.634, 2.00168
143.696, 1.99882
143.759, 2.00144
143.822, 2.00247
143.885, 2.00228
143.948, 2.00375
144.011, 2.00232
144.073, 2.00351
144.136, 2.0029
144.199, 2.00223
144.262, 2.00168
144.325, 2.00301
144.388, 1.99911
144.45, 2.00153
144.513, 2.00026
144.576, 1.99985
144.639, 1.9995
144.702, 2.00256
144.765, 2.00272
144.827, 2.00282
144.89, 2.00026
144.953, 1.99936
145.016, 1.99947
145.079, 1.99998
145.142, 2.00017
145.204, 1.99756
145.267, 2.00104
145.33, 1.9995
145.393, 2.001
145.456, 2.0012
145.519, 1.99804
145.581, 1.99797
145.644, 2.00075
145.707, 1.99998
145.77, 1.99962
145.833, 1.99882
145.896, 2.00113
145.958, 2.00063
146.021, 2.0011
146.084, 1.99785
146.147, 2.00122
146.21, 1.99961
146.273, 1.99966
146.335, 2.00036
146.398, 2.00075
146.461, 2.00189
146.524, 2.00093
146.587, 1.99919
146.65, 1.9992
146.712, 2.001
146.775, 2.00039
146.838, 2.00087
146.901, 2.00159
146.964, 2.00017
147.027, 2.00002
147.089, 2.00051
147.152, 2.00299
147.215, 2.00199
147.278, 2.00016
147.341, 1.99901
147.404, 2.00046
147.466, 2.00117
147.529, 1.99942
147.592, 1.99989
147.655, 1.99601
147.718, 1.99944
147.781, 1.99978
147.843, 2.00121
147.906, 2.00215
147.969, 2.00052
148.032, 1.99866
148.095, 2.00014
148.158, 2.00033
148.22, 1.99904
148.283, 2.00142
148.346, 2.00054
148.409, 2.0009
148.472, 1.9995
148.535, 2.00118
148.597, 2.00121
148.66, 2.0012
148.723, 2.00104
148.786, 2.00089
148.849, 2.00127
148.911, 1.99877
148.974, 1.99854
149.037, 2.00107
149.1, 1.99994
149.163, 2.0009
149.226, 1.99885
149.288, 1.99996
149.351, 2.00029
149.414, 2.00043
149.477, 2.00008
149.54, 2.00233
149.603, 2.00167
149.665, 1.99901
149.728, 1.99947
149.791, 2.00056
149.854, 1.99808
149.917, 2.00198
149.98, 2.00204
150.042, 1.9997
150.105, 2.00086
150.168, 2.00171
150.231, 1.9979
150.294, 1.99763
150.357, 1.99715
150.419, 2.00002
150.482, 1.99953
150.545, 1.99789
150.608, 1.99963
150.671, 2.00019
150.734, 1.9979
150.796, 1.99702
150.859, 2.00012
150.922, 2.00064
150.985, 1.99956
151.048, 1.99969
151.111, 1.99964
151.173, 2.00039
151.236, 1.99988
151.299, 1.99781
151.362, 1.99943
151.425, 2.00243
151.488, 2.00031
151.55, 1.99976
151.613, 2.00056
151.676, 2.00161
151.739, 1.99882
151.802, 1.99919
151.865, 1.9982
151.927, 2.00013
151.99, 2.00094
152.053, 2.00146
152.116, 1.99897
152.179, 2.00035
152.242, 1.99874
152.304, 1.9995
152.367, 2.00248
152.43, 1.9992
152.493, 2.00073
152.556, 2.00114
152.619, 1.99996
152.681, 2.002
152.744, 2.00088
152.807, 2.00207
152.87, 2.00121
152.933, 2.00058
152.996, 2.00144
153.058, 2.002
153.121, 2.00158
153.184, 2.00351
153.247, 1.99831
153.31, 1.99978
153.373, 1.99938
153.435, 2.00258
153.498, 2.00085
153.561, 2.00233
153.624, 1.99965
153.687, 1.99984
153.75, 2.0007
153.812, 1.99948
153.875, 2.00403
153.938, 2.00473
154.001, 2.00157
154.064, 2.00275
154.127, 2.00351
154.189, 2.00048
154.252, 2.00289
154.315, 2.00222
154.378, 2.00068
154.441, 2.00049
154.504, 2.00362
154.566, 2.00252
154.629, 2.00126
154.692, 2.00133
154.755, 2.00053
154.818, 2.00294
154.881, 2.00347
154.943, 2.00178
155.006, 2.00209
155.069, 2.00241
155.132, 2.00066
155.195, 2.0017
155.258, 2.0021
155.32, 1.9998
155.383, 2.00218
155.446, 2.00334
155.509, 2.00255
155.572, 2.00399
155.635, 2.00164
155.697, 2.00029
155.76, 2.00135
155.823, 2.0007
155.886, 2.00181
155.949, 1.99993
156.011, 2.00028
156.074, 1.99877
156.137, 2.00118
156.2, 1.99828
156.263, 1.99996
156.326, 1.99976
156.388, 1.99939
156.451, 2.00058
156.514, 1.999
156.577, 2.00134
156.64, 2.0034
156.703, 2.00349
156.765, 2.00228
156.828, 2.0008
156.891, 2.0006
156.954, 2.00402
157.017, 2.00212
157.08, 2.00023
157.142, 2.0027
157.205, 2.00274
157.268, 2.00586
157.331, 2.00299
157.394, 2.00326
157.457, 2.00241
157.519, 2.00145
157.582, 1.99842
157.645, 2.00032
157.708, 2.0003
157.771, 2.00152
157.834, 2.00139
157.896, 2.0027
157.959, 2.00317
158.022, 2.00166
158.085, 1.99978
158.148, 2.00263
158.211, 2.00193
158.273, 1.99992
158.336, 1.99895
158.399, 2.00103
158.462, 2.00177
158.525, 2.00018
158.588, 2.00123
158.65, 2.00021
158.713, 2.00011
158.776, 2.00107
158.839, 2.00321
158.902, 2.00082
158.965, 2.00128
159.027, 2.0014
159.09, 2.00037
159.153, 1.99946
159.216, 2.00191
159.279, 2.00206
159.342, 2.00297
159.404, 1.9997
159.467, 1.99991
159.53, 2.00076
159.593, 2.00195
159.656, 2.00232
159.719, 2.0048
159.781, 2.00176
159.844, 2.00268
159.907, 2.00241
159.97, 2.00405
160.033, 2.00066
160.096, 1.99998
160.158, 2.00332
160.221, 2.00246
160.284, 2.00266
160.347, 2.00392
160.41, 2.00376
160.473, 2.00408
160.535, 2.00158
160.598, 2.00317
160.661, 2.00381
160.724, 2.00186
160.787, 2.00504
160.85, 2.00533
160.912, 2.00212
160.975, 2.0015
161.038, 2.00231
161.101, 2.00157
161.164, 2.00457
161.227, 2.00324
161.289, 2.00001
161.352, 2.00094
161.415, 2.00386
161.478, 2.00388
161.541, 2.00376
161.604, 2.00281
161.666, 2.00048
161.729, 2.00267
161.792, 2.0011
161.855, 1.99995
161.918, 1.99889
161.981, 2.00393
162.043, 2.00112
162.106, 2.00364
162.169, 2.00054
162.232, 1.99824
162.295, 1.99772
162.358, 2.00215
162.42, 2.00071
162.483, 2.00118
162.546, 2.0011
162.609, 2.00024
162.672, 1.99931
162.734, 1.99955
162.797, 2.00135
162.86, 1.99936
162.923, 2.00131
162.986, 2.00281
163.049, 2.00391
163.111, 2.00128
163.174, 2.0003
163.237, 2.00018
163.3, 1.99903
163.363, 2.00057
163.426, 2.00052
163.488, 2.00012
163.551, 1.99948
163.614, 2.00105
163.677, 2.00184
163.74, 2.00131
163.803, 2.00252
163.865, 2.00079
163.928, 2.00109
163.991, 2.00048
164.054, 2.00054
164.117, 1.99914
164.18, 1.99994
164.242, 2.00377
164.305, 2.00314
164.368, 2.00242
164.431, 2.00197
164.494, 2.00032
164.557, 2.00003
164.619, 1.99905
164.682, 2.00097
164.745, 2.00079
164.808, 1.99821
164.871, 2.00014
164.934, 1.99954
164.996, 1.99984
165.059, 1.9986
165.122, 2.00066
165.185, 2.00171
165.248, 1.9993
165.311, 1.99898
165.373, 2.00033
165.436, 1.99966
165.499, 1.99735
165.562, 1.9981
165.625, 1.99914
165.688, 1.99964
165.75, 1.99794
165.813, 1.99729
165.876, 1.99899
165.939, 1.99987
166.002, 2.00004
166.065, 2.00042
166.127, 1.99819
166.19, 1.99965
166.253, 1.99678
166.316, 1.99727
166.379, 1.99921
166.442, 2.00007
166.504, 1.99688
166.567, 1.99812
166.63, 2.00092
166.693, 1.99775
166.756, 1.9983
166.819, 1.99869
166.881, 1.9991
166.944, 1.99881
167.007, 1.99961
167.07, 2.00078
167.133, 1.99912
167.196, 1.9971
167.258, 1.99818
167.321, 1.99863
167.384, 2.0028
167.447, 1.99963
167.51, 1.99782
167.573, 2.00056
167.635, 2.001
167.698, 1.99927
167.761, 1.99887
167.824, 1.99954
167.887, 1.99821
167.95, 1.99908
168.012, 1.99859
168.075, 1.99774
168.138, 2.00034
168.201, 2.00245
168.264, 1.99938
168.327, 1.99745
168.389, 1.99852
168.452, 1.99742
168.515, 1.99774
168.578, 1.99927
168.641, 2.00075
168.704, 1.99897
168.766, 2.001
168.829, 2.00303
168.892, 2.00018
168.955, 2.00144
169.018, 1.99938
169.081, 1.99645
169.143, 1.99768
169.206, 1.99896
169.269, 1.99701
169.332, 2.00103
169.395, 2.00011
169.458, 1.9988
169.52, 1.99584
169.583, 1.99761
169.646, 1.99789
169.709, 1.99975
169.772, 1.99953
169.834, 1.99988
169.897, 2.00012
169.96, 1.99947
170.023, 2.00049
170.086, 2.00082
170.149, 2.00107
170.211, 2.00113
170.274, 1.9987
170.337, 1.99872
170.4, 2.00096
170.463, 1.99977
170.526, 1.99877
170.588, 2.00097
170.651, 2.00235
170.714, 2.00049
170.777, 2.00035
170.84, 2.00017
170.903, 2.00036
170.965, 1.99682
171.028, 1.99635
171.091, 1.99871
171.154, 1.99663
171.217, 2.00056
171.28, 1.99895
171.342, 1.99876
171.405, 1.99892
171.468, 1.99809
171.531, 1.99919
171.594, 1.99862
171.657, 2.00122
171.719, 1.99663
171.782, 1.99731
171.845, 1.99767
171.908, 1.99733
171.971, 1.99694
172.034, 1.99715
172.096, 1.99985
172.159, 2.001
172.222, 1.99957
172.285, 2.00135
172.348, 1.99972
172.411, 2.0004
172.473, 1.99967
172.536, 1.9988
172.599, 1.99846
172.662, 1.99654
172.725, 1.99611
172.788, 1.99835
172.85, 1.99731
172.913, 1.99953
172.976, 2.00035
173.039, 1.99957
173.102, 2.00121
173.165, 1.99756
173.227, 1.9961
173.29, 1.9982
173.353, 1.99883
173.416, 2.00048
173.479, 2.00191
173.542, 2.00043
173.604, 1.99757
173.667, 1.99876
173.73, 1.99894
173.793, 1.99974
173.856, 1.99773
173.919, 1.99825
173.981, 1.9979
174.044, 1.99844
174.107, 1.99596
174.17, 1.99751
174.233, 1.99789
174.296, 1.99747
174.358, 1.99754
174.421, 1.99817
174.484, 2.00153
174.547, 1.99837
174.61, 1.99937
174.673, 1.99964
174.735, 1.99793
174.798, 1.99595
174.861, 1.99832
174.924, 1.99694
174.987, 1.9947
175.05, 1.99555
175.112, 1.9964
175.175, 1.9956
175.238, 1.99849
175.301, 1.99856
175.364, 1.99671
175.427, 1.99968
175.489, 1.99614
175.552, 1.99882
175.615, 1.99494
175.678, 1.99617
175.741, 1.99817
175.804, 2.00117
175.866, 1.99782
175.929, 1.99951
175.992, 1.99813
176.055, 1.99946
176.118, 1.99862
176.181, 1.99902
176.243, 2.00094
176.306, 1.99996
176.369, 2.00237
176.432, 1.99931
176.495, 1.99974
176.558, 1.99908
176.62, 1.9986
176.683, 1.99925
176.746, 1.99854
176.809, 1.99893
176.872, 1.99873
176.934, 2.00011
176.997, 1.99961
177.06, 1.99949
177.123, 1.99847
177.186, 1.99734
177.249, 1.99956
177.311, 2.00121
177.374, 1.99861
177.437, 2.00211
177.5, 2.00233
177.563, 2.00093
177.626, 2.00017
177.688, 2.0008
177.751, 2.00061
177.814, 1.99978
177.877, 1.99818
177.94, 1.99906
178.003, 1.99853
178.065, 1.99934
178.128, 2.00098
178.191, 2.00043
178.254, 2.00257
178.317, 1.99893
178.38, 2.00113
178.442, 2.00094
178.505, 1.99994
178.568, 1.99964
178.631, 1.99957
178.694, 1.99994
178.757, 1.99971
178.819, 1.99931
178.882, 1.99925
178.945, 1.99805
179.008, 1.99811
179.071, 1.99719
179.134, 1.99794
179.196, 1.99896
179.259, 1.99882
179.322, 1.99926
179.385, 1.99853
179.448, 1.99823
179.511, 1.99811
179.573, 1.998
179.636, 1.99709
179.699, 1.99924
179.762, 1.99978
179.825, 1.99887
179.888, 2.00024
179.95, 1.99912
180.013, 1.99985
180.076, 2.00079
180.139, 2.00189
180.202, 1.99893
180.265, 2.00068
180.327, 1.99752
180.39, 1.99786
180.453, 2.00052
180.516, 1.99982
180.579, 1.99971
180.642, 2.00047
180.704, 2.00121
180.767, 1.99884
180.83, 1.99883
180.893, 2.00058
180.956, 2.00029
181.019, 1.99841
181.081, 2.00118
181.144, 2.00151
181.207, 1.99993
181.27, 1.99812
181.333, 1.99837
181.396, 1.99989
181.458, 2.00076
181.521, 2.00061
181.584, 2.00002
181.647, 2.00103
181.71, 1.99991
181.773, 1.99978
181.835, 1.99903
181.898, 2.00102
181.961, 1.99822
182.024, 2.00212
182.087, 1.99894
182.15, 2.00222
182.212, 1.99987
182.275, 2.00012
182.338, 2.00139
182.401, 2.00156
182.464, 2.00228
182.527, 2.0006
182.589, 2.00079
182.652, 2.0026
182.715, 1.99998
182.778, 1.99829
182.841, 1.99734
182.904, 2
182.966, 2.0002
183.029, 1.99894
183.092, 1.99993
183.155, 2.00016
183.218, 2.00047
183.281, 2.00112
183.343, 2.00041
183.406, 1.99851
183.469, 1.99803
183.532, 2.00017
183.595, 1.99761
183.658, 1.99976
183.72, 1.99912
183.783, 1.99866
183.846, 1.99855
183.909, 1.99858
183.972, 1.99835
184.034, 1.99594
184.097, 1.99932
184.16, 1.99872
184.223, 1.99669
184.286, 1.99741
184.349, 1.99969
184.411, 1.99995
184.474, 1.99579
184.537, 1.99955
184.6, 2.00009
184.663, 1.99869
184.726, 2.00054
184.788, 1.9974
184.851, 1.99831
184.914, 1.99678
184.977, 1.99987
185.04, 2.00125
185.103, 1.99878
185.165, 1.99777
185.228, 2.00019
185.291, 1.99827
185.354, 1.99951
185.417, 1.99765
185.48, 1.9953
185.542, 1.99822
185.605, 1.99631
185.668, 1.99585
185.731, 1.9977
185.794, 2.0001
185.857, 1.99795
185.919, 2.00052
185.982, 1.99726
186.045, 2.00001
186.108, 1.99775
186.171, 1.99703
186.234, 2.00006
186.296, 2.00117
186.359, 2.00153
186.422, 1.99987
186.485, 1.99864
186.548, 1.99899
186.611, 1.99889
186.673, 1.99965
186.736, 1.99826
186.799, 1.99879
186.862, 1.99923
186.925, 1.99674
186.988, 1.99552
187.05, 1.99678
187.113, 1.99815
187.176, 1.99927
187.239, 1.99825
187.302, 1.99696
187.365, 1.99734
187.427, 1.99886
187.49, 1.99713
187.553, 1.99683
187.616, 2.00072
187.679, 1.99825
187.742, 1.99819
187.804, 1.99827
187.867, 1.99978
187.93, 1.99805
187.993, 1.99565
188.056, 1.99643
188.119, 1.99671
188.181, 1.99917
188.244, 1.99706
188.307, 1.99659
188.37, 1.99845
188.433, 2.00017
188.496, 1.99785
188.558, 1.99956
188.621, 1.99976
188.684, 1.99908
188.747, 1.99944
188.81, 2.00002
188.873, 2.00184
188.935, 1.99978
188.998, 1.99967
189.061, 1.99822
189.124, 2.00088
189.187, 2.00202
189.25, 2.00192
189.312, 1.99941
189.375, 2.00216
189.438, 2.00364
189.501, 2.00071
189.564, 2.00096
189.627, 1.99957
189.689, 2.00029
189.752, 1.9987
189.815, 2.00157
189.878, 2.0008
189.941, 2.00117
190.004, 2.0001
190.066, 2.00148
190.129, 1.9993
190.192, 1.99853
190.255, 2.00226
190.318, 2.00252
190.381, 1.99879
190.443, 1.99918
190.506, 2.00054
190.569, 1.99987
190.632, 2.00035
190.695, 2.00109
190.758, 1.99968
190.82, 2.00141
190.883, 2.00101
190.946, 2.00163
191.009, 2.00083
191.072, 1.99961
191.134, 2.00016
191.197, 2.00086
191.26, 2.00093
191.323, 1.99895
191.386, 2.00088
191.449, 2.00065
191.511, 1.99843
191.574, 1.99958
191.637, 2.00108
191.7, 1.99974
191.763, 2.00045
191.826, 2.00196
191.888, 1.99968
191.951, 1.99899
192.014, 2.00078
192.077, 1.99929
192.14, 2.00002
192.203, 1.99842
192.265, 1.99781
192.328, 1.99855
192.391, 1.99988
192.454, 2.00059
192.517, 2.00082
192.58, 1.9997
192.642, 1.99677
192.705, 1.9976
192.768, 2.0025
192.831, 1.99896
192.894, 2.00225
192.957, 2.00109
193.019, 1.99973
193.082, 2.00011
193.145, 2.00172
193.208, 2.00004
193.271, 1.99991
193.334, 2.00062
193.396, 1.99867
193.459, 1.99661
193.522, 1.99874
193.585, 1.99793
193.648, 2.0018
193.711, 1.99979
193.773, 2.00186
193.836, 1.99935
193.899, 1.99773
193.962, 2.00083
194.025, 2.00133
194.088, 1.99966
194.15, 2.00065
194.213, 2.00142
194.276, 2.00284
194.339, 2.00059
194.402, 2.00162
194.465, 1.99987
194.527, 1.99947
194.59, 1.99817
194.653, 2.00009
194.716, 2.0036
194.779, 2.00131
194.842, 2.00172
194.904, 2.00045
194.967, 1.9988
195.03, 1.99989
195.093, 2.00203
195.156, 2.00063
195.219, 1.99802
195.281, 1.99953
195.344, 2.00082
195.407, 2.00218
195.47, 2.00159
195.533, 2.00265
195.596, 2.00151
195.658, 2.0011
195.721, 2.00178
195.784, 2.00357
195.847, 2.00303
195.91, 2.00082
195.973, 2.00057
196.035, 2.00081
196.098, 2.00014
196.161, 2.00293
196.224, 2.00016
196.287, 2.00036
196.35, 1.99986
196.412, 2.00117
196.475, 2.00028
196.538, 2.00234
196.601, 2.00345
196.664, 2.00002
196.727, 2.00134
196.789, 1.9997
196.852, 1.99736
196.915, 1.99895
196.978, 1.99979
197.041, 1.99908
197.104, 1.99863
197.166, 1.99865
197.229, 1.99928
197.292, 1.99886
197.355, 1.99976
197.418, 1.9982
197.481, 2.00158
197.543, 2.00074
197.606, 1.99958
197.669, 1.99964
197.732, 2.00212
197.795, 1.99893
197.858, 1.99895
197.92, 1.99983
197.983, 1.99958
198.046, 2.00054
198.109, 1.99981
198.172, 1.99839
198.234, 2.00242
198.297, 2.00227
198.36, 2.00124
198.423, 1.99963
198.486, 2.00104
198.549, 1.99973
198.611, 2.00187
198.674, 1.99895
198.737, 1.99923
198.8, 1.99867
198.863, 1.99862
198.926, 2.00254
198.988, 2.00417
199.051, 1.9987
199.114, 1.99963
199.177, 2.00113
199.24, 2.00177
199.303, 2.00051
199.365, 2.0001
199.428, 2.00348
199.491, 2.00011
199.554, 2.00095
199.617, 2.00126
199.68, 2.00082
199.742, 2.00106
199.805, 1.99938
199.868, 2.00073
199.931, 1.997
199.994, 2.00108
200.057, 1.99866
200.119, 2.00168
200.182, 2.00095
200.245, 2.00158
200.308, 1.99967
200.371, 1.9995
200.434, 2.00057
200.496, 2.00094
200.559, 2.00314
200.622, 2.00412
200.685, 2.00311
200.748, 2.00059
200.811, 2.0006
200.873, 2.00153
200.936, 2.00186
200.999, 2.00124
201.062, 2.00078
201.125, 2.00106
201.188, 2.00281
201.25, 2.00557
201.313, 2.00125
201.376, 1.99873
201.439, 1.99866
201.502, 2.00025
201.565, 2.00282
201.627, 2.00357
201.69, 2.00157
201.753, 2.00157
201.816, 2.00323
201.879, 1.9968
201.942, 1.99808
202.004, 2.00086
202.067, 1.99917
202.13, 1.99998
202.193, 1.99912
202.256, 2.00142
202.319, 2.0006
202.381, 2.00236
202.444, 2.00558
202.507, 2.0021
202.57, 2.0019
202.633, 2.00279
202.696, 1.99998
202.758, 2.00057
202.821, 2.00108
202.884, 2.00222
202.947, 1.99956
203.01, 2.00182
203.073, 1.99989
203.135, 2.00189
203.198, 2.00148
203.261, 1.99851
203.324, 2.00123
203.387, 2.00187
203.45, 2.00153
203.512, 2.00093
203.575, 2.00194
203.638, 1.99951
203.701, 2.00049
203.764, 2.00334
203.827, 2.00238
203.889, 2.00191
203.952, 2.00296
204.015, 2.00143
204.078, 2.002
204.141, 2.00256
204.204, 2.00263
204.266, 2.00256
204.329, 2.00208
204.392, 2.00369
204.455, 2.00402
204.518, 2.00121
204.581, 2.00087
204.643, 2.00191
204.706, 2.00369
204.769, 2.00167
204.832, 2.00435
204.895, 2.00509
204.958, 2.00378
205.02, 2.00385
205.083, 1.99992
205.146, 2.00197
205.209, 2.00231
205.272, 2.00286
205.334, 2.00546
205.397, 2.00371
205.46, 2.00199
205.523, 2.00442
205.586, 2.0012
205.649, 2.00213
205.711, 2.00154
205.774, 2.0064
205.837, 2.004
205.9, 2.00358
205.963, 2.00261
206.026, 2.00283
206.088, 1.99998
206.151, 2.0033
206.214, 2.00178
206.277, 2.00344
206.34, 2.00047
206.403, 2.00384
206.465, 2.00227
206.528, 2.00101
206.591, 2.0037
206.654, 2.00184
206.717, 2.00385
206.78, 2.00482
206.842, 2.00476
206.905, 2.00255
206.968, 2.00373
207.031, 2.00271
207.094, 2.00474
207.157, 2.00353
207.219, 2.00146
207.282, 2.00335
207.345, 2.00021
207.408, 2.00147
207.471, 2.00071
207.534, 2.00283
207.596, 2.00142
207.659, 2.00091
207.722, 1.99916
207.785, 2.00053
207.848, 2.00215
207.911, 2.00136
207.973, 2.00424
208.036, 2.00284
208.099, 2.00135
208.162, 2.00178
208.225, 1.99976
208.288, 1.99876
208.35, 2.00239
208.413, 2.00164
208.476, 2.00213
208.539, 2.00281
208.602, 2.0014
208.665, 2.00163
208.727, 2.00436
208.79, 2.00271
208.853, 1.99788
208.916, 1.99968
208.979, 2.00272
209.042, 2.00193
209.104, 2.00234
209.167, 2.00116
209.23, 2.00019
209.293, 2.00182
209.356, 2.00311
209.419, 2.00131
209.481, 1.9998
209.544, 2.00041
209.607, 2.0013
209.67, 1.99997
209.733, 1.99989
209.796, 1.99837
209.858, 1.99817
209.921, 2.00089
209.984, 1.99666
210.047, 1.9996
210.11, 2.0007
210.173, 2.00241
210.235, 2.00007
210.298, 1.99897
210.361, 1.99715
210.424, 1.99978
210.487, 2.00117
210.55, 2.00203
210.612, 2.00018
210.675, 1.99882
210.738, 1.99766
210.801, 2.00008
210.864, 1.99995
210.927, 1.99811
210.989, 1.99739
211.052, 1.99863
211.115, 1.99879
211.178, 1.99968
211.241, 1.9979
211.304, 1.9979
211.366, 1.9972
211.429, 2.00008
211.492, 1.99936
211.555, 2.00085
211.618, 2.00206
211.681, 2.00053
211.743, 1.99845
211.806, 1.99947
211.869, 1.99794
211.932, 1.99979
211.995, 2.00072
212.058, 2.00173
212.12, 2.00239
212.183, 2.00014
212.246, 2.00151
212.309, 2.001
212.372, 2.00163
212.434, 2.00009
212.497, 1.99899
212.56, 1.99885
212.623, 1.99963
212.686, 2.00001
212.749, 2.00173
212.811, 2.00146
212.874, 1.99965
212.937, 1.99972
213, 2.0009
213.063, 2.00161
213.126, 2.00154
213.188, 1.99961
213.251, 1.99996
213.314, 1.99801
213.377, 1.99961
213.44, 1.99889
213.503, 2.00154
213.565, 2.00188
213.628, 2.00146
213.691, 2.00133
213.754, 1.99867
213.817, 2.00005
213.88, 2.00174
213.942, 2.00095
214.005, 2.00035
214.068, 1.99923
214.131, 2.00013
214.194, 1.99908
214.257, 1.99839
214.319, 1.99827
214.382, 1.99851
214.445, 2.0008
214.508, 1.99931
214.571, 2.00059
214.634, 1.99733
214.696, 1.99677
214.759, 1.99969
214.822, 2.00109
214.885, 2.00072
214.948, 2.00216
215.011, 2.00006
215.073, 2.00215
215.136, 2.00047
215.199, 1.99924
215.262, 1.99909
215.325, 2.00028
215.388, 1.99952
215.45, 2.00217
215.513, 2.00052
215.576, 1.99985
215.639, 1.9994
215.702, 1.99768
215.765, 1.99902
215.827, 2.00055
215.89, 2.00067
215.953, 1.99969
216.016, 2.00158
216.079, 1.999
216.142, 1.99852
216.204, 1.99904
216.267, 1.99846
216.33, 2.00185
216.393, 2.00035
216.456, 2.00133
216.519, 2.00076
216.581, 2.00167
216.644, 2.00029
216.707, 1.99961
216.77, 2.00165
216.833, 2.00003
216.896, 1.99857
216.958, 1.99976
217.021, 1.99929
217.084, 2.00186
217.147, 2.00204
217.21, 2.00207
217.273, 2.00079
217.335, 2.00365
217.398, 2.00258
217.461, 1.99997
217.524, 2.00064
217.587, 1.99861
217.65, 2.00066
217.712, 2.00025
217.775, 2.00077
217.838, 2.00086
217.901, 2.0019
217.964, 2.00028
218.027, 1.99968
218.089, 2.0009
218.152, 2.00057
218.215, 1.9987
218.278, 1.99923
218.341, 1.99836
218.404, 1.99725
218.466, 2.00062
218.529, 1.99981
218.592, 1.99593
218.655, 2.00003
218.718, 1.99938
218.781, 1.99974
218.843, 2.00203
218.906, 2.00093
218.969, 1.99939
219.032, 1.99816
219.095, 1.99922
219.158, 2.00248
219.22, 1.99743
219.283, 2.00095
219.346, 1.99946
219.409, 2.00004
219.472, 2.00074
219.534, 1.99774
219.597, 1.99828
219.66, 2.00132
219.723, 1.99821
219.786, 1.99864
219.849, 2.00128
219.911, 1.99862
219.974, 2.00142
220.037, 2.00019
220.1, 2.00065
220.163, 1.99893
220.226, 1.99993
220.288, 1.99721
220.351, 2.00013
220.414, 1.99898
220.477, 1.99688
220.54, 1.99924
220.603, 1.9966
220.665, 1.99711
220.728, 1.99766
220.791, 1.99852
220.854, 1.99893
220.917, 1.99975
220.98, 1.99747
221.042, 1.99831
221.105, 1.99916
221.168, 1.99805
221.231, 1.99847
221.294, 1.99805
221.357, 1.99951
221.419, 1.99897
221.482, 1.99996
221.545, 2.0014
221.608, 2.00017
221.671, 1.99872
221.734, 1.9982
221.796, 1.99826
221.859, 2.00002
221.922, 2.00212
221.985, 2.00103
222.048, 2.00027
222.111, 1.99838
222.173, 2.00121
222.236, 2.00058
222.299, 2.00025
222.362, 2.00031
222.425, 1.99941
222.488, 2.00015
222.55, 2.00296
222.613, 2.00093
222.676, 1.99868
222.739, 2.00065
222.802, 1.9985
222.865, 2.00106
222.927, 1.99715
222.99, 1.99954
223.053, 1.99833
223.116, 2.0029
223.179, 1.99828
223.242, 1.99834
223.304, 1.99924
223.367, 1.99802
223.43, 1.99933
223.493, 1.99986
223.556, 1.99874
223.619, 1.99835
223.681, 1.99963
223.744, 1.99822
223.807, 1.99921
223.87, 2.00015
223.933, 1.99927
223.996, 2.00079
224.058, 2.0004
224.121, 2.00074
224.184, 1.99735
224.247, 2.00112
224.31, 2
224.373, 2.00014
224.435, 2.00136
224.498, 2.0017
224.561, 1.99971
224.624, 1.99907
224.687, 1.99726
224.75, 1.99941
224.812, 1.99765
224.875, 1.99748
224.938, 1.99718
225.001, 1.99821
225.064, 1.99848
225.127, 2.00078
225.189, 1.99934
225.252, 2.00141
225.315, 1.99839
225.378, 1.99837
225.441, 1.99807
225.504, 2.00015
225.566, 1.99874
225.629, 2.00069
225.692, 1.99992
225.755, 2.00155
225.818, 2.00177
225.881, 2.00002
225.943, 1.9993
226.006, 1.99938
226.069, 2.00231
226.132, 2.0001
226.195, 2.00021
226.258, 1.99879
226.32, 2.00117
226.383, 2.002
226.446, 1.99934
226.509, 2.00368
226.572, 2.00309
226.634, 2.00025
226.697, 2.00166
226.76, 2.00166
226.823, 2
226.886, 2.00028
226.949, 2.00027
227.011, 1.99874
227.074, 1.99894
227.137, 2.00099
227.2, 1.99957
227.263, 1.99987
227.326, 2.00066
227.388, 1.99924
227.451, 1.99871
227.514, 2.00147
227.577, 2.00074
227.64, 1.9974
227.703, 1.99885
227.765, 1.9971
227.828, 1.99814
227.891, 1.99799
227.954, 1.99777
228.017, 1.99804
228.08, 2.00048
228.142, 1.9999
228.205, 2.00029
228.268, 1.99732
228.331, 1.99925
228.394, 1.99854
228.457, 1.99804
228.519, 1.99826
228.582, 1.9982
228.645, 1.99713
228.708, 1.99916
228.771, 1.99785
228.834, 2.00081
228.896, 1.9978
228.959, 1.9985
229.022, 1.99942
229.085, 1.99684
229.148, 2.00152
229.211, 2.00047
229.273, 1.99963
229.336, 1.99951
229.399, 1.99983
229.462, 2.00281
229.525, 2.00338
229.588, 2.00023
229.65, 2.00197
229.713, 2.0012
229.776, 2.00081
229.839, 2.0021
229.902, 2.00087
229.965, 1.99892
230.027, 2.00084
230.09, 2.00301
230.153, 1.99938
230.216, 2.00412
230.279, 2.00185
230.342, 2.0004
230.404, 2.00015
230.467, 1.99974
230.53, 2.00046
230.593, 2.0002
230.656, 2.00133
230.719, 2.00338
230.781, 2.00216
230.844, 2.00262
230.907, 2.004
230.97, 1.9985
231.033, 1.99997
231.096, 1.99874
231.158, 2.00109
231.221, 1.99991
231.284, 2.00244
231.347, 2.00114
231.41, 1.99997
231.473, 2.00071
231.535, 2.00193
231.598, 2.00145
231.661, 1.99953
231.724, 2.00072
231.787, 2.00004
231.85, 2.00171
231.912, 2.00091
231.975, 2.00032
232.038, 1.99782
232.101, 2.00031
232.164, 2.00019
232.227, 2.00076
232.289, 2.00348
232.352, 2.00096
232.415, 2.00278
232.478, 2.0012
232.541, 2.0004
232.604, 2.00082
232.666, 2.00234
232.729, 2.00036
232.792, 2.00094
232.855, 1.9999
232.918, 1.99932
232.981, 2.00283
233.043, 2.00116
233.106, 2.00129
233.169, 1.99855
233.232, 2.00069
233.295, 1.99968
233.358, 2.00085
233.42, 2.00162
233.483, 2.0004
233.546, 2.00144
233.609, 2.00285
233.672, 2.00112
233.734, 2.00046
233.797, 1.99972
233.86, 1.99949
233.923, 2.00262
233.986, 2.00183
234.049, 1.99968
234.111, 2.00143
234.174, 2.00024
234.237, 2.0014
234.3, 2.00187
234.363, 2.00152
234.426, 2.00002
234.488, 2.00009
234.551, 1.99806
234.614, 1.99867
234.677, 2.00055
234.74, 2.00144
234.803, 2.00234
234.865, 2.00324
234.928, 2.0027
234.991, 2.00181
235.054, 2.00419
235.117, 2.00143
235.18, 2.00002
235.242, 2.00133
235.305, 2
235.368, 1.99976
235.431, 2.00162
235.494, 2.00096
235.557, 2.00161
235.619, 2.00089
235.682, 1.99969
235.745, 2.00104
235.808, 2.00205
235.871, 1.99892
235.934, 1.99989
235.996, 2.00425
236.059, 2.00308
236.122, 2.0015
236.185, 2.00213
236.248, 2.00112
236.311, 2.00194
236.373, 1.99918
236.436, 2.00025
236.499, 2.00086
236.562, 2.00509
236.625, 2.0018
236.688, 2.0004
236.75, 2.00094
236.813, 2.00002
236.876, 1.99925
236.939, 1.99847
237.002, 2.00459
237.065, 2.00205
237.127, 2.00176
237.19, 2.00075
237.253, 2.00331
237.316, 2.00157
237.379, 2.00035
237.442, 2.00041
237.504, 2.0015
237.567, 2.00054
237.63, 2.00095
237.693, 2.00023
237.756, 1.99891
237.819, 2.00024
237.881, 2.0007
237.944, 2.00077
238.007, 2.00055
238.07, 1.99962
238.133, 2.00055
238.196, 2.00136
238.258, 2.0013
238.321, 2.00078
238.384, 2.00128
238.447, 2.00202
238.51, 2.00156
238.573, 2.00217
238.635, 2.00024
238.698, 2.00207
238.761, 2.00062
238.824, 2.00123
238.887, 2.0003
238.95, 2.00243
239.012, 2.00192
239.075, 2.00114
239.138, 1.99908
239.201, 2.00023
239.264, 2.0019
239.327, 1.99918
239.389, 2.00173
239.452, 2.00116
239.515, 2.00092
239.578, 2.00075
239.641, 1.99719
239.704, 1.99931
239.766, 2.00296
239.829, 1.99964
239.892, 2.00001
239.955, 1.99938
240.018, 2.00001
240.081, 2.00007
240.143, 2.00026
240.206, 1.99765
240.269, 2.00121
240.332, 1.99989
240.395, 1.99892
240.458, 1.99775
240.52, 2.00081
240.583, 1.99869
240.646, 1.99904
240.709, 1.99761
240.772, 1.99828
240.834, 1.99953
240.897, 1.99795
240.96, 1.9971
241.023, 2.00035
241.086, 1.99977
241.149, 1.99851
241.211, 1.99784
241.274, 1.99913
241.337, 1.9983
241.4, 1.99977
241.463, 2.00019
241.526, 1.99994
241.588, 2.00148
241.651, 1.99905
241.714, 1.99902
241.777, 1.99851
241.84, 1.99854
241.903, 1.99884
241.965, 1.99995
242.028, 2.0015
242.091, 1.99999
242.154, 1.9985
242.217, 1.99896
242.28, 2.00077
242.342, 2.00066
242.405, 1.9984
242.468, 1.99851
242.531, 1.99873
242.594, 2.00009
242.657, 1.99865
242.719, 1.99892
242.782, 2.00056
242.845, 2.00126
242.908, 2.00152
242.971, 1.99858
243.034, 1.99956
243.096, 1.99873
243.159, 2.00149
243.222, 1.99973
243.285, 2.00065
243.348, 2.00086
243.411, 1.99958
243.473, 1.99725
243.536, 1.99884
243.599, 1.99689
243.662, 1.99894
243.725, 1.99715
243.788, 1.99933
243.85, 1.9978
243.913, 1.99771
243.976, 1.99773
244.039, 1.99785
244.102, 1.99993
244.165, 1.99844
244.227, 1.99751
244.29, 1.99747
244.353, 1.99684
244.416, 1.99895
244.479, 1.99816
244.542, 1.9977
244.604, 1.99732
244.667, 1.99705
244.73, 1.99918
244.793, 1.99704
244.856, 1.99792
244.919, 1.99882
244.981, 1.99779
245.044, 2.00064
245.107, 2
245.17, 1.99834
245.233, 1.9997
245.296, 1.99805
245.358, 1.99913
245.421, 1.99912
245.484, 1.99945
245.547, 2.00028
245.61, 1.99764
245.673, 1.99933
245.735, 2.0005
245.798, 2.00018
245.861, 1.99741
245.924, 1.9968
245.987, 1.99975
246.05, 1.99854
246.112, 2.00087
246.175, 2.00175
246.238, 2.00077
246.301, 1.999
246.364, 1.99836
246.427, 1.99943
246.489, 1.99763
246.552, 1.99876
246.615, 1.99878
246.678, 1.99979
246.741, 2.00158
246.804, 2.00049
246.866, 1.99859
246.929, 2.0011
246.992, 1.99966
247.055, 2.00264
247.118, 1.99915
247.181, 2.00215
247.243, 2.00343
247.306, 2.0038
247.369, 2.00224
247.432, 1.99866
247.495, 1.99825
247.558, 1.99907
247.62, 2.00021
247.683, 1.99693
247.746, 2.00105
247.809, 1.99997
247.872, 1.99943
247.934, 1.99996
247.997, 2.00009
248.06, 2.00078
248.123, 2.00217
248.186, 2.00257
248.249, 2.00191
248.311, 2.00175
248.374, 2.00337
248.437, 2.00177
248.5, 2.00155
248.563, 2.0012
248.626, 2.00394
248.688, 2.00212
248.751, 1.99982
248.814, 1.99995
248.877, 2
248.94, 2.00229
249.003, 2.00058
249.065, 2.00203
249.128, 2.00201
249.191, 2.00043
249.254, 2.00051
249.317, 2.00116
249.38, 2.00232
249.442, 2.0002
249.505, 2.00142
249.568, 2.00189
249.631, 2.00214
249.694, 2.0025
249.757, 2.00142
249.819, 2.00184
249.882, 2.00156
249.945, 2.00036
250.008, 1.99957
250.071, 1.99935
250.134, 1.99693
250.196, 1.99983
250.259, 2.00202
250.322, 2.0025
250.385, 2.00251
250.448, 1.99978
250.511, 2.00012
250.573, 2.00169
250.636, 2.00174
250.699, 1.99998
250.762, 2.0004
250.825, 1.99676
250.888, 1.99925
250.95, 1.99931
251.013, 1.99947
251.076, 1.99903
251.139, 1.99964
251.202, 1.99871
251.265, 1.99825
251.327, 1.99823
251.39, 1.99935
251.453, 1.99656
251.516, 1.99811
251.579, 1.99654
251.642, 1.99792
251.704, 1.99755
251.767, 2.00028
251.83, 2.00167
251.893, 2.00175
251.956, 2.00004
252.019, 1.99739
252.081, 1.99853
252.144, 2.00007
252.207, 2.00124
252.27, 1.99874
252.333, 2.00325
252.396, 2.00215
252.458, 1.99869
252.521, 1.99931
252.584, 1.99993
252.647, 2.00044
252.71, 1.99823
252.773, 2.00186
252.835, 1.99928
252.898, 2.00085
252.961, 2.00212
253.024, 1.99908
253.087, 2.001
253.15, 2.00284
253.212, 2.00221
253.275, 2
253.338, 1.99926
253.401, 1.99908
253.464, 1.99949
253.527, 1.99952
253.589, 1.99799
253.652, 2.00176
253.715, 2.00243
253.778, 2.00353
253.841, 1.99917
253.904, 1.99838
253.966, 1.99952
254.029, 1.99824
254.092, 1.99941
254.155, 2.0009
254.218, 2.00093
254.281, 1.99798
254.343, 1.99919
254.406, 2.00291
254.469, 2.0019
254.532, 2.00083
254.595, 2.00031
254.658, 1.9991
254.72, 1.99995
254.783, 1.99963
254.846, 2.0027
254.909, 2.00002
254.972, 1.99998
255.034, 1.99887
255.097, 2.00143
255.16, 2.00349
255.223, 2.00325
255.286, 2.00158
255.349, 2.0005
255.411, 2.00185
255.474, 2.00251
255.537, 2.0008
255.6, 2.00313
255.663, 2.00208
255.726, 2.00154
255.788, 2.00181
255.851, 2.00119
255.914, 2.002
255.977, 2.00162
256.04, 1.99945
256.103, 2.00016
256.165, 2.00183
256.228, 2.00057
256.291, 2.00161
256.354, 2.00041
256.417, 2.00095
256.48, 1.9998
256.542, 2.00147
256.605, 2.00073
256.668, 2.00023
256.731, 2.003
256.794, 2.00278
256.857, 2.00052
256.919, 1.99952
256.982, 2.00262
257.045, 2.00371
257.108, 2.00015
257.171, 2.00374
257.234, 2.00205
257.296, 2.00193
257.359, 2.00212
257.422, 2.00051
257.485, 2.00032
257.548, 1.99985
257.611, 1.99958
257.673, 1.99915
257.736, 2.00148
257.799, 1.99863
257.862, 1.99787
257.925, 1.99814
257.988, 1.99916
258.05, 2.00116
258.113, 1.99986
258.176, 2.00091
258.239, 2.00089
258.302, 2.00048
258.365, 1.99881
258.427, 1.99815
258.49, 2.00032
258.553, 1.99884
258.616, 1.99973
258.679, 1.99785
258.742, 2.00031
258.804, 1.99848
258.867, 2.00095
258.93, 1.99942
258.993, 2.00057
259.056, 1.99892
259.119, 1.99828
259.181, 1.99948
259.244, 1.99995
259.307, 1.99802
259.37, 2.00023
259.433, 2.00049
259.496, 2.00116
259.558, 2.00033
259.621, 2.00047
259.684, 2.00084
259.747, 1.99862
259.81, 2.00044
259.873, 2.00016
259.935, 1.9987
259.998, 1.99848
260.061, 1.99832
260.124, 1.9992
260.187, 1.99825
260.25, 1.99802
260.312, 1.99899
260.375, 1.99759
260.438, 1.99969
260.501, 2.00316
260.564, 1.99769
260.627, 1.99836
260.689, 1.9997
260.752, 2.00003
260.815, 2.0005
260.878, 1.99747
260.941, 1.99889
261.004, 2.00022
261.066, 1.99582
261.129, 1.99934
261.192, 1.99782
261.255, 1.9999
261.318, 1.99881
261.381, 1.99884
261.443, 2.00022
261.506, 1.99687
261.569, 1.99694
261.632, 1.9973
261.695, 1.9992
261.757, 2.00027
261.82, 1.99857
261.883, 1.99987
261.946, 1.99949
262.009, 1.99793
262.072, 1.99882
262.134, 1.99745
262.197, 1.99764
262.26, 1.99932
262.323, 1.99993
262.386, 1.99962
262.449, 1.9995
262.511, 1.99862
262.574, 1.99756
262.637, 1.9969
262.7, 1.99922
262.763, 2.00054
262.826, 1.99855
262.888, 1.99982
262.951, 1.9989
263.014, 1.99755
263.077, 1.99781
263.14, 1.99787
263.203, 1.99902
263.265, 1.99789
263.328, 1.99961
263.391, 1.99911
263.454, 2.00046
263.517, 2.00093
263.58, 2.00014
263.642, 2.00001
263.705, 2.0013
263.768, 1.99951
263.831, 1.99899
263.894, 1.99904
263.957, 1.99977
264.019, 1.99938
264.082, 1.99977
264.145, 2.0004
264.208, 2.00081
264.271, 2.00001
264.334, 1.99933
264.396, 1.99938
264.459, 1.99898
264.522, 2.00176
264.585, 2.00088
264.648, 2.00197
264.711, 2.00006
264.773, 2.00017
264.836, 1.99887
264.899, 1.99992
264.962, 2.00087
265.025, 1.99742
265.088, 1.99794
265.15, 1.99964
265.213, 1.99829
265.276, 1.99996
265.339, 2.00116
265.402, 1.99923
265.465, 1.99855
265.527, 2.0001
265.59, 2.0016
265.653, 1.99785
265.716, 2.00058
265.779, 2.0016
265.842, 2.00119
265.904, 2.00034
265.967, 1.99839
266.03, 1.99943
266.093, 2.00109
266.156, 2.00247
266.219, 1.99895
266.281, 1.9991
266.344, 2.00167
266.407, 2.00067
266.47, 2.00115
266.533, 2.00163
266.596, 2.00006
266.658, 1.99999
266.721, 2.00218
266.784, 1.99992
266.847, 1.99935
266.91, 2.0004
266.973, 2.00127
267.035, 2.00166
267.098, 2.00284
267.161, 2.00251
267.224, 2.00136
267.287, 2.00034
267.35, 2.00143
267.412, 2.00004
267.475, 2.00052
267.538, 2.00095
267.601, 2.00148
267.664, 2.00005
267.727, 2.0001
267.789, 1.99981
267.852, 2.0004
267.915, 1.99866
267.978, 1.99958
268.041, 1.99979
268.104, 2.00032
268.166, 2.0008
268.229, 2.00098
268.292, 1.99966
268.355, 1.99945
268.418, 2.00047
268.481, 1.99828
268.543, 1.99945
268.606, 1.99868
268.669, 2.00139
268.732, 1.99963
268.795, 1.99956
268.857, 2.00046
268.92, 1.99906
268.983, 1.99946
269.046, 2.00036
269.109, 2.00103
269.172, 2.00118
269.234, 2.00098
269.297, 2.00135
269.36, 1.9999
269.423, 1.99981
269.486, 1.99915
269.549, 2.00037
269.611, 2.00095
269.674, 2.00184
269.737, 2.00143
269.8, 1.99864
269.863, 1.99962
269.926, 2.00112
269.988, 1.99695
270.051, 2.00028
270.114, 2.00121
270.177, 2.00168
270.24, 1.99952
270.303, 2.00053
270.365, 2.00074
270.428, 2.00318
270.491, 2.00103
270.554, 1.99869
270.617, 2.00144
270.68, 2.00194
270.742, 2.00246
270.805, 2.00299
270.868, 2.0013
270.931, 2.00002
270.994, 2.00345
271.057, 2.00245
271.119, 2.00208
271.182, 2.00005
271.245, 1.99902
271.308, 2.0007
271.371, 2.00181
271.434, 2.00241
271.496, 2.00041
271.559, 2.00388
271.622, 2.00116
271.685, 2.00244
271.748, 2.00197
271.811, 2.00106
271.873, 2.00224
271.936, 2.00154
271.999, 1.99892
272.062, 2.00014
272.125, 1.99998
272.188, 2.00264
272.25, 2.00131
272.313, 1.99993
272.376, 2.00244
272.439, 2.00378
272.502, 2.0016
272.565, 2.00156
272.627, 1.99977
272.69, 2.00175
272.753, 2.00474
272.816, 2.00389
272.879, 1.99934
272.942, 2.00198
273.004, 2.00166
273.067, 2.00264
273.13, 2.0005
273.193, 2.00122
273.256, 2.00074
273.319, 2.00358
273.381, 2.00198
273.444, 2.00255
273.507, 2.00312
273.57, 2.00068
273.633, 1.99942
273.696, 1.99986
273.758, 1.99888
273.821, 1.99746
273.884, 2.00164
273.947, 1.99815
274.01, 2.00116
274.073, 1.9993
274.135, 1.99925
274.198, 1.99968
274.261, 2.00125
274.324, 2.00005
274.387, 1.99934
274.45, 2.00068
274.512, 1.99927
274.575, 1.99806
274.638, 2.00058
274.701, 1.99977
274.764, 1.99879
274.827, 2.0013
274.889, 2.00002
274.952, 1.99941
275.015, 1.99987
275.078, 1.99955
275.141, 1.99786
275.204, 2.00089
275.266, 2.00289
275.329, 2.00171
275.392, 2.00034
275.455, 2.00062
275.518, 1.99951
275.581, 1.99894
275.643, 1.99893
275.706, 2.00085
275.769, 2.00035
275.832, 1.99943
275.895, 1.99907
275.957, 1.99938
276.02, 1.99807
276.083, 1.99819
276.146, 1.99956
276.209, 2.00097
276.272, 2.00064
276.334, 1.99887
276.397, 1.99806
276.46, 1.99779
276.523, 1.99847
276.586, 1.99934
276.649, 2.00158
276.711, 2.00141
276.774, 2.00079
276.837, 2.00108
276.9, 1.99952
276.963, 2.00032
277.026, 2.00061
277.088, 1.99984
277.151, 1.99931
277.214, 2.00133
277.277, 2.00089
277.34, 2.00293
277.403, 2.00157
277.465, 2.00166
277.528, 2.00351
277.591, 2.00207
277.654, 2.00014
277.717, 1.99959
277.78, 2.00258
277.842, 2.00048
277.905, 2.00113
277.968, 1.99883
278.031, 1.99971
278.094, 2.00012
278.157, 2.00044
278.219, 2.00191
278.282, 2.00214
278.345, 1.99965
278.408, 2.00166
278.471, 1.99931
278.534, 1.99999
278.596, 1.99882
278.659, 1.99989
278.722, 2.00021
278.785, 1.99836
278.848, 2.00035
278.911, 2.00211
278.973, 2.00241
279.036, 2.00317
279.099, 2.00107
279.162, 2.00127
279.225, 1.99986
279.288, 2.00187
279.35, 2.00111
279.413, 1.99925
279.476, 2.00183
279.539, 2.00179
279.602, 2.00263
279.665, 2.0007
279.727, 2.00096
279.79, 2.00069
279.853, 2.00254
279.916, 1.99993
279.979, 2.00048
280.042, 2.00092
280.104, 2.00063
280.167, 1.99968
280.23, 2.0006
280.293, 1.99853
280.356, 1.99917
280.419, 1.99904
280.481, 1.99822
280.544, 1.99846
280.607, 1.99923
280.67, 2.00006
280.733, 1.99945
280.796, 1.99829
280.858, 2.00107
280.921, 2.0015
280.984, 2.00025
281.047, 1.9976
281.11, 2.00043
281.173, 1.99908
281.235, 2.00075
281.298, 2.00111
281.361, 2.00133
281.424, 2.0024
281.487, 2.00379
281.55, 2.00271
281.612, 2.00111
281.675, 1.99946
281.738, 1.99921
281.801, 1.99819
281.864, 1.9989
281.927, 2.00139
281.989, 2.00144
282.052, 2.00206
282.115, 2.00151
282.178, 2.00162
282.241, 2.0009
282.304, 2.00084
282.366, 2.00065
282.429, 2.00057
282.492, 2.00168
282.555, 1.99971
282.618, 2.00112
282.681, 2.00152
282.743, 2.00238
282.806, 1.99977
282.869, 2.00128
282.932, 2.0034
282.995, 2.0007
283.057, 2.0029
283.12, 2.00247
283.183, 2.00194
283.246, 1.99961
283.309, 1.99882
283.372, 2.00248
283.434, 1.99938
283.497, 1.99935
283.56, 2.00002
283.623, 1.9997
283.686, 2.00305
283.749, 2.00303
283.811, 2.00295
283.874, 2.00464
283.937, 2.00137
284, 2.00099
284.063, 1.99989
284.126, 2.00137
284.188, 1.99988
284.251, 1.99962
284.314, 1.99816
284.377, 2.00258
284.44, 2.00197
284.503, 2.00042
284.565, 2.00097
284.628, 2.00227
284.691, 2.00154
284.754, 2.00237
284.817, 2.00164
284.88, 2.00107
284.942, 2.00045
285.005, 2.00269
285.068, 2.00166
285.131, 2.00544
285.194, 2.00187
285.257, 2.00354
285.319, 2.00263
285.382, 1.99944
285.445, 2.00095
285.508, 2.00209
285.571, 2.0003
285.634, 2.00154
285.696, 2.00351
285.759, 2.0011
285.822, 2.00213
285.885, 2.00292
285.948, 2.00329
286.011, 2.00287
286.073, 2.00074
286.136, 2.00191
286.199, 2.00551
286.262, 2.00386
286.325, 2.00113
286.388, 2.00181
286.45, 2.00184
286.513, 2.00419
286.576, 2.00014
286.639, 2.00227
286.702, 2.00329
286.765, 2.00125
286.827, 2.00188
286.89, 2.00217
286.953, 2.00301
287.016, 2.001
287.079, 2.00238
287.142, 2.00304
287.204, 2.00013
287.267, 2.0036
287.33, 2.00076
287.393, 2.00264
287.456, 2.00147
287.519, 2.00292
287.581, 2.00024
287.644, 2.00102
287.707, 2.00053
287.77, 2.00052
287.833, 2.0014
287.896, 2.00234
287.958, 2.00152
288.021, 2.00006
288.084, 1.99889
288.147, 2.00181
288.21, 2.00522
288.273, 2.00061
288.335, 2.00185
288.398, 2.00408
288.461, 2.00425
288.524, 2.00214
288.587, 2.00121
288.65, 2.00098
288.712, 1.99924
288.775, 2.00042
288.838, 2.00056
288.901, 2.00285
288.964, 2.00207
289.027, 2.00064
289.089, 2.00165
289.152, 2.00052
289.215, 2.00107
289.278, 2.00179
289.341, 2.00034
289.404, 2.00233
289.466, 2.001
289.529, 2.00097
289.592, 2.00027
289.655, 1.99917
289.718, 1.99974
289.781, 2.00097
289.843, 2.00042
289.906, 2.00031
289.969, 2.00104
290.032, 2.00068
290.095, 2.0007
290.157, 1.9995
290.22, 2.00286
290.283, 2.002
290.346, 2.00272
290.409, 2.0039
290.472, 2.0026
290.534, 2.00088
290.597, 2.00195
290.66, 2.00171
290.723, 2.00369
290.786, 2.00124
290.849, 2.00019
290.911, 2.00046
290.974, 2.00128
291.037, 2.0026
291.1, 2.0011
291.163, 1.99986
291.226, 2.00109
291.288, 2.00007
291.351, 2.00044
291.414, 2.00037
291.477, 2.00016
291.54, 1.9982
291.603, 2.00071
291.665, 2.0019
291.728, 2.00015
291.791, 2.00074
291.854, 2.00157
291.917, 2.00002
291.98, 2.00012
292.042, 2.00205
292.105, 1.9987
292.168, 2.00044
292.231, 2.00048
292.294, 2.00027
292.357, 1.9978
292.419, 1.99725
292.482, 1.99961
292.545, 1.99946
292.608, 1.99955
292.671, 2.00221
292.734, 2.00183
292.796, 2.00006
292.859, 2.00175
292.922, 2.00142
292.985, 2.001
293.048, 2.00292
293.111, 2.00117
293.173, 2.0024
293.236, 2.00009
293.299, 2.00227
293.362, 2.00197
293.425, 2.0013
293.488, 2.0031
293.55, 2.00222
293.613, 2.00183
293.676, 2.00177
293.739, 2.00146
293.802, 2.00455
293.865, 2.00264
293.927, 2.00232
293.99, 2.00348
294.053, 2.00346
294.116, 2.0038
294.179, 2.0026
294.242, 2.00366
294.304, 2.00415
294.367, 2.0032
294.43, 2.00251
294.493, 2.00138
294.556, 2.00043
294.619, 2.00153
294.681, 2.00385
294.744, 2.00239
294.807, 2.00232
294.87, 2.00018
294.933, 2.00143
294.996, 2.00487
295.058, 2.00381
295.121, 2.00183
295.184, 2.00137
295.247, 2.00143
295.31, 2.00329
295.373, 2.00033
295.435, 2.00143
295.498, 2.00277
295.561, 1.99935
295.624, 2.00087
295.687, 2.00388
295.75, 2.0019
295.812, 2.00252
295.875, 2.00109
295.938, 2.00116
296.001, 2.00134
296.064, 2.00282
296.127, 2.00124
296.189, 2.00152
296.252, 2.00255
296.315, 2.00221
296.378, 2.0012
296.441, 2.00018
296.504, 2.00063
296.566, 2.00283
296.629, 2.00268
296.692, 2.00349
296.755, 2.00421
296.818, 2.00084
296.881, 2.00101
296.943, 1.99901
297.006, 1.99876
297.069, 2.00061
297.132, 2.00086
297.195, 2.00083
297.257, 2.00124
297.32, 2.00266
297.383, 2.00118
297.446, 2.00071
297.509, 1.9993
297.572, 1.99855
297.634, 2.00139
297.697, 2.00298
297.76, 2.00244
297.823, 2.00379
297.886, 2.00233
297.949, 2.00287
298.011, 2.0016
298.074, 2.0018
298.137, 2.00177
298.2, 2.00192
298.263, 1.99988
298.326, 2.00203
298.388, 2.00271
298.451, 2.0016
298.514, 2.00129
298.577, 2.00073
298.64, 1.99865
298.703, 2.00012
298.765, 1.99726
298.828, 1.9988
298.891, 2.00001
298.954, 2.00101
299.017, 2.00115
299.08, 2.00144
299.142, 2.00164
299.205, 1.99898
299.268, 1.9998
299.331, 1.99941
299.394, 2.00027
299.457, 1.9982
299.519, 2.00112
299.582, 2.0025
299.645, 2.00152
299.708, 1.99788
299.771, 2.00016
299.834, 2.00126
299.896, 2.00173
299.959, 2.00296
300.022, 2.00168
300.085, 2.00274
300.148, 2.00207
300.211, 2.00048
300.273, 2.00085
300.336, 2.00219
300.399, 1.99929
300.462, 2.00472
300.525, 2.00037
300.588, 2.00376
300.65, 2.00271
300.713, 2.00085
300.776, 2.00099
300.839, 1.99858
300.902, 2.0002
300.965, 2.00046
301.027, 2.00031
301.09, 2.00047
301.153, 1.99868
301.216, 1.99937
301.279, 1.99922
301.342, 2.00082
301.404, 2.00134
301.467, 2.00154
301.53, 1.9997
301.593, 2.0004
301.656, 1.99989
301.719, 1.99859
301.781, 1.99907
301.844, 1.99798
301.907, 2.00001
301.97, 2.00013
302.033, 1.99884
302.096, 1.99969
302.158, 1.99964
302.221, 2.00049
302.284, 1.9995
302.347, 1.99902
302.41, 1.99981
302.473, 1.99961
302.535, 2.00176
302.598, 2.00036
302.661, 1.99976
302.724, 1.99764
302.787, 1.99827
302.85, 2.00104
302.912, 1.99983
302.975, 1.99789
303.038, 2.00042
303.101, 1.99909
303.164, 1.99768
303.227, 2.0003
303.289, 2.00339
303.352, 2.00066
303.415, 2.00048
303.478, 2.00096
303.541, 1.99975
303.604, 1.99851
303.666, 2.00102
303.729, 1.99972
303.792, 1.99822
303.855, 2.00039
303.918, 2.00315
303.981, 1.99836
304.043, 1.99744
304.106, 1.99794
304.169, 2.00059
304.232, 1.99974
304.295, 1.99774
304.357, 2.00055
304.42, 1.99661
304.483, 1.99673
304.546, 1.99875
304.609, 2.00098
304.672, 2.00114
304.734, 2.00213
304.797, 2.00118
304.86, 1.99913
304.923, 1.99835
304.986, 1.99616
305.049, 1.99867
305.111, 1.99886
305.174, 2.001
305.237, 2.00055
305.3, 1.99779
305.363, 1.99983
305.426, 1.99949
305.488, 1.99878
305.551, 1.99908
305.614, 1.99687
305.677, 1.99791
305.74, 1.99607
305.803, 1.99825
305.865, 2.00021
305.928, 2.00027
305.991, 1.99806
306.054, 1.99869
306.117, 1.99963
306.18, 1.9969
306.242, 1.99795
306.305, 1.99867
306.368, 1.99815
306.431, 2.00015
306.494, 2.00033
306.557, 1.99961
306.619, 2.00054
306.682, 1.99982
306.745, 1.99962
306.808, 1.99924
306.871, 2.00091
306.934, 2.00073
306.996, 2.00086
307.059, 1.99998
307.122, 1.99835
307.185, 2.00241
307.248, 2.0014
307.311, 1.99968
307.373, 2.00143
307.436, 2.00108
307.499, 2.00041
307.562, 1.99977
307.625, 2.00107
307.688, 1.9989
307.75, 2.00028
307.813, 2
307.876, 1.99937
307.939, 2.00175
308.002, 1.99855
308.065, 2.00219
308.127, 1.99919
308.19, 1.99897
308.253, 2.00337
308.316, 2.00213
308.379, 1.99956
308.442, 2.00006
308.504, 2.00006
308.567, 1.99953
308.63, 2.00047
308.693, 2.00025
308.756, 1.99817
308.819, 1.99977
308.881, 2.00229
308.944, 2.00131
309.007, 1.99987
309.07, 1.99935
309.133, 1.9989
309.196, 1.999
309.258, 1.99982
309.321, 1.99998
309.384, 1.99898
309.447, 2.00024
309.51, 1.99989
309.573, 1.99954
309.635, 2.00173
309.698, 1.99872
309.761, 2.00088
309.824, 2.00112
309.887, 1.99901
309.95, 1.99943
310.012, 1.99837
310.075, 1.99882
310.138, 2.00071
310.201, 2.00094
310.264, 1.9969
310.327, 1.99857
310.389, 2.00033
310.452, 2.00114
310.515, 2.00201
310.578, 1.99835
310.641, 1.99879
310.704, 1.99844
310.766, 1.99775
310.829, 1.99973
310.892, 1.99876
310.955, 1.99815
311.018, 1.99918
311.081, 1.99922
311.143, 1.99667
311.206, 1.99741
311.269, 1.99902
311.332, 1.99978
311.395, 1.99869
311.457, 1.9986
311.52, 1.99984
311.583, 1.99966
311.646, 1.9991
311.709, 1.99718
311.772, 1.99994
311.834, 1.9964
311.897, 2.00003
311.96, 1.99815
312.023, 1.99894
312.086, 1.9985
312.149, 1.99827
312.211, 2.00042
312.274, 1.99932
312.337, 1.99536
312.4, 1.99706
312.463, 2.00089
312.526, 2.00017
312.588, 2.00064
312.651, 1.9984
312.714, 2.00119
312.777, 2.00295
312.84, 1.99981
312.903, 1.99882
312.965, 1.99697
313.028, 1.99806
313.091, 1.99581
313.154, 1.99954
313.217, 2.0011
313.28, 2.00176
313.342, 2.0009
313.405, 1.99989
313.468, 1.99986
313.531, 1.99974
313.594, 2.0005
313.657, 2.00214
313.719, 2.00151
313.782, 1.99916
313.845, 2.00051
313.908, 1.9989
313.971, 1.99809
314.034, 2.00031
314.096, 2.00151
314.159, 1.99981
