0, 2
0.0628319, 1.99925
0.125664, 1.99747
0.188496, 1.99847
0.251327, 1.99785
0.314159, 1.99856
0.376991, 1.99646
0.439823, 1.99486
0.502655, 1.99707
0.565487, 1.99745
0.628319, 1.9974
0.69115, 1.99622
0.753982, 1.99654
0.816814, 1.99764
0.879646, 1.99369
0.942478, 1.99403
1.00531, 1.9962
1.06814, 1.99663
1.13097, 1.99515
1.19381, 1.99912
1.25664, 1.99565
1.31947, 1.99617
1.3823, 1.99456
1.44513, 1.9949
1.50796, 1.9972
1.5708, 1.9956
1.63363, 1.99613
1.69646, 1.99502
1.75929, 1.9955
1.82212, 1.9977
1.88496, 1.99634
1.94779, 1.99674
2.01062, 1.99482
2.07345, 1.99249
2.13628, 1.99439
2.19911, 1.9972
2.26195, 1.99884
2.32478, 1.99975
2.38761, 2.0018
2.45044, 1.99873
2.51327, 1.99951
2.57611, 1.99681
2.63894, 1.99936
2.70177, 2.00053
2.7646, 1.99933
2.82743, 2.00054
2.89027, 1.99742
2.9531, 1.99576
3.01593, 1.99587
3.07876, 1.99713
3.14159, 1.99787
3.20442, 2.0018
3.26726, 2.00172
3.33009, 1.99834
3.39292, 1.99867
3.45575, 2.00133
3.51858, 1.9986
3.58142, 1.99778
3.64425, 2.00146
3.70708, 2.00168
3.76991, 1.99963
3.83274, 1.99872
3.89557, 1.99882
3.95841, 1.99766
4.02124, 2.00152
4.08407, 2.00184
4.1469, 1.99909
4.20973, 2.00062
4.27257, 2.00079
4.3354, 2.00169
4.39823, 2.00087
4.46106, 2.00223
4.52389, 2.00126
4.58673, 1.99839
4.64956, 2.00058
4.71239, 2.0024
4.77522, 1.99811
4.83805, 1.9983
4.90088, 1.99916
4.96372, 1.99687
5.02655, 1.99732
5.08938, 2.00144
5.15221, 1.99628
5.21504, 1.99846
5.27788, 2.00001
5.34071, 2.00265
5.40354, 2.00094
5.46637, 1.99971
5.5292, 1.99971
5.59203, 2.00058
5.65487, 1.99911
5.7177, 1.99595
5.78053, 1.99792
5.84336, 1.99962
5.90619, 1.9995
5.96903, 2.00159
6.03186, 2.00203
6.09469, 2.00196
6.15752, 1.99961
6.22035, 1.99903
6.28319, 2.00056
6.34602, 1.99928
6.40885, 1.99931
6.47168, 1.99985
6.53451, 1.99742
6.59734, 2.00071
6.66018, 2.00048
6.72301, 2.00107
6.78584, 2.00184
6.84867, 2.00179
6.9115, 2.00026
6.97434, 1.99791
7.03717, 2.00097
7.1, 1.99972
7.16283, 2.0042
7.22566, 2.00139
7.28849, 2.00018
7.35133, 2.00224
7.41416, 2.00039
7.47699, 1.99993
7.53982, 1.99954
7.60265, 1.99777
7.66549, 1.99976
7.72832, 1.99981
7.79115, 1.99874
7.85398, 2.00187
7.91681, 1.99903
7.97965, 1.99906
8.04248, 2.0009
8.10531, 2.00035
8.16814, 2.00065
8.23097, 1.99934
8.2938, 2.00132
8.35664, 2.00096
8.41947, 2.00059
8.4823, 2.00274
8.54513, 2.00181
8.60796, 2.00051
8.6708, 1.9993
8.73363, 2.00122
8.79646, 2.00293
8.85929, 2.00126
8.92212, 2.00102
8.98495, 2.00315
9.04779, 2.00102
9.11062, 2.00023
9.17345, 2.00115
9.23628, 1.99737
9.29911, 2.00017
9.36195, 2.00095
9.42478, 2.0016
9.48761, 2.00132
9.55044, 2.0026
9.61327, 2.00396
9.67611, 2.00345
9.73894, 2.00046
9.80177, 2.00247
9.8646, 2.00292
9.92743, 1.99778
9.99026, 2.001
10.0531, 1.99903
10.1159, 2.00206
10.1788, 2.00118
10.2416, 1.99927
10.3044, 2.00327
10.3673, 2.00161
10.4301, 2.00202
10.4929, 2.00249
10.5558, 2.00073
10.6186, 2.00111
10.6814, 2.00068
10.7442, 2.00294
10.8071, 2.00412
10.8699, 2.00328
10.9327, 2.0022
10.9956, 2.00034
11.0584, 2.0005
11.1212, 2.00126
11.1841, 1.99918
11.2469, 2.00141
11.3097, 2.00006
11.3726, 1.9997
11.4354, 2.00133
11.4982, 2.00116
11.5611, 2.00046
11.6239, 2.00152
11.6867, 2.00426
11.7496, 2.0011
11.8124, 2.00093
11.8752, 2.00307
11.9381, 2.00155
12.0009, 2.00093
12.0637, 2.00125
12.1265, 1.99964
12.1894, 1.99985
12.2522, 2.00084
12.315, 2.0003
12.3779, 1.99633
12.4407, 1.99932
12.5035, 1.99955
12.5664, 2.00156
12.6292, 2.00122
12.692, 2.00196
12.7549, 2.0015
12.8177, 2.0005
12.8805, 2.00031
12.9434, 1.99801
13.0062, 1.99948
13.069, 2.00286
13.1319, 2.00148
13.1947, 2.00301
13.2575, 2.00198
13.3204, 2.00151
13.3832, 1.9994
13.446, 1.99919
13.5088, 2.00056
13.5717, 2.00254
13.6345, 2.00139
13.6973, 2.00044
13.7602, 1.99995
13.823, 2.00083
13.8858, 2.00022
13.9487, 2.00345
14.0115, 2.00208
14.0743, 2.0023
14.1372, 2.00045
14.2, 2.00232
14.2628, 2.00353
14.3257, 2.00296
14.3885, 2.00385
14.4513, 2.00371
14.5142, 2.00352
14.577, 2.00451
14.6398, 2.00319
14.7027, 2.00027
14.7655, 2.00066
14.8283, 2.00222
14.8911, 2.00022
14.954, 1.99995
15.0168, 2.00138
15.0796, 2.00272
15.1425, 2.0014
15.2053, 2.00016
15.2681, 1.99994
15.331, 2.00071
15.3938, 2.0029
15.4566, 2.00126
15.5195, 1.999
15.5823, 1.99979
15.6451, 2.00286
15.708, 2.00256
15.7708, 2.00035
15.8336, 2.00129
15.8965, 2.00374
15.9593, 2.00201
16.0221, 2.00003
16.085, 2.00069
16.1478, 2.00159
16.2106, 2.00241
16.2734, 1.99956
16.3363, 2.0001
16.3991, 1.99925
16.4619, 2.0026
16.5248, 2.00245
16.5876, 2.00064
16.6504, 2.00306
16.7133, 2.00247
16.7761, 2.00067
16.8389, 1.99891
16.9018, 2.00085
16.9646, 2.00117
17.0274, 2.00106
17.0903, 2.00063
17.1531, 2.002
17.2159, 1.99992
17.2788, 1.99834
17.3416, 1.99946
17.4044, 2.00074
17.4673, 1.9988
17.5301, 2.00162
17.5929, 2.0022
17.6558, 2.00167
17.7186, 2.00139
17.7814, 2.00133
17.8442, 2.0009
17.9071, 2.00321
17.9699, 1.9998
18.0327, 2.00191
18.0956, 2.00208
18.1584, 2.00139
18.2212, 2.0017
18.2841, 2.00226
18.3469, 2.00219
18.4097, 2.00261
18.4726, 2.00203
18.5354, 2.00175
18.5982, 2.00085
18.6611, 2.00163
18.7239, 2.00152
18.7867, 2.00098
18.8496, 2.00329
18.9124, 2.00054
18.9752, 2.00222
19.0381, 2.00162
19.1009, 1.9997
19.1637, 1.99877
19.2265, 2.00332
19.2894, 2.00148
19.3522, 2.00114
19.415, 2.0004
19.4779, 2.00161
19.5407, 2.00263
19.6035, 2.00139
19.6664, 2.00244
19.7292, 2.00069
19.792, 2.00235
19.8549, 2.00182
19.9177, 2.00099
19.9805, 2.00132
20.0434, 2.00122
20.1062, 2.0024
20.169, 2.00123
20.2319, 2.00157
20.2947, 1.99992
20.3575, 2.00044
20.4204, 1.99959
20.4832, 2
20.546, 1.99952
20.6088, 1.99946
20.6717, 2.00065
20.7345, 2.0007
20.7973, 2.00241
20.8602, 2.00329
20.923, 2.0039
20.9858, 2.00413
21.0487, 2.00054
21.1115, 2.00055
21.1743, 2.0017
21.2372, 2.00016
21.3, 1.99959
21.3628, 1.9982
21.4257, 1.99932
21.4885, 2.00129
21.5513, 2.00293
21.6142, 2.00179
21.677, 2.00057
21.7398, 1.99748
21.8027, 2.00057
21.8655, 2.00106
21.9283, 2.00059
21.9911, 1.99974
22.054, 1.99841
22.1168, 1.99903
22.1796, 2.00082
22.2425, 1.99866
22.3053, 1.99974
22.3681, 1.99962
22.431, 1.99996
22.4938, 2.0025
22.5566, 1.99942
22.6195, 1.9998
22.6823, 2.00125
22.7451, 1.99861
22.808, 2.00121
22.8708, 1.99887
22.9336, 2.00021
22.9965, 1.99846
23.0593, 2.0032
23.1221, 1.99875
23.185, 2.00065
23.2478, 2.00062
23.3106, 2.00157
23.3734, 2.0022
23.4363, 2.00154
23.4991, 2.00152
23.5619, 2.00089
23.6248, 2.0011
23.6876, 2.00108
23.7504, 2.00108
23.8133, 2.00033
23.8761, 2.00197
23.9389, 2.00119
24.0018, 2.00303
24.0646, 2.00038
24.1274, 1.99864
24.1903, 1.99882
24.2531, 1.99934
24.3159, 2.00299
24.3788, 2.00205
24.4416, 2.00094
24.5044, 1.99777
24.5673, 2.00266
24.6301, 2.0015
24.6929, 2.0023
24.7558, 2.00188
24.8186, 2.00011
24.8814, 2.00146
24.9442, 2.00297
25.0071, 1.99909
25.0699, 2.0006
25.1327, 2.00154
25.1956, 1.9992
25.2584, 2.00051
25.3212, 2.00386
25.3841, 2.00439
25.4469, 2.00266
25.5097, 1.99836
25.5726, 2.00027
25.6354, 2.00151
25.6982, 2.00151
25.7611, 1.99823
25.8239, 2.00054
25.8867, 2.00125
25.9496, 2.00056
26.0124, 2.0014
26.0752, 2.00176
26.1381, 2.00083
26.2009, 2.00042
26.2637, 2.00111
26.3265, 1.99997
26.3894, 2.00073
26.4522, 1.99965
26.515, 2.0006
26.5779, 1.99967
26.6407, 1.99647
26.7035, 1.99801
26.7664, 1.99797
26.8292, 1.9974
26.892, 1.99852
26.9549, 1.99785
27.0177, 1.99727
27.0805, 1.99943
27.1434, 1.99737
27.2062, 1.99894
27.269, 1.99995
27.3319, 1.99789
27.3947, 1.99868
27.4575, 1.99569
27.5204, 1.99675
27.5832, 1.997
27.646, 1.99834
27.7088, 1.99902
27.7717, 1.99605
27.8345, 1.99701
27.8973, 1.99827
27.9602, 2.0006
28.023, 1.99772
28.0858, 1.99913
28.1487, 1.99779
28.2115, 1.99672
28.2743, 1.99962
28.3372, 1.99982
28.4, 2.00184
28.4628, 2.00112
28.5257, 1.99809
28.5885, 1.99859
28.6513, 1.99681
28.7142, 1.99771
28.777, 1.99598
28.8398, 1.99652
28.9027, 1.99788
28.9655, 1.99948
29.0283, 2.00142
29.0911, 2.00109
29.154, 1.99986
29.2168, 1.9961
29.2796, 1.99771
29.3425, 1.99725
29.4053, 1.99895
29.4681, 2.00005
29.531, 1.99907
29.5938, 1.99827
29.6566, 1.99894
29.7195, 2.00215
29.7823, 2.00122
29.8451, 1.99872
29.908, 2.00098
29.9708, 1.99733
30.0336, 1.99727
30.0965, 1.99771
30.1593, 1.99871
30.2221, 1.99619
30.285, 1.99775
30.3478, 1.99843
30.4106, 2.00021
30.4734, 2.00026
30.5363, 1.99855
30.5991, 2.00052
30.6619, 2.0004
30.7248, 2.00185
30.7876, 1.99857
30.8504, 1.99936
30.9133, 1.9989
30.9761, 1.99912
31.0389, 2.00047
31.1018, 2.00091
31.1646, 1.9982
31.2274, 1.99733
31.2903, 2.00172
31.3531, 1.99968
31.4159, 1.99827
31.4788, 1.99939
31.5416, 1.99937
31.6044, 1.99847
31.6673, 2.00234
31.7301, 2.00096
31.7929, 1.99886
31.8557, 1.99887
31.9186, 1.99925
31.9814, 2.00025
32.0442, 2.00094
32.1071, 1.99945
32.1699, 1.99847
32.2327, 2.00128
32.2956, 1.99741
32.3584, 2.00024
32.4212, 2.00182
32.4841, 1.99851
32.5469, 2.00064
32.6097, 1.99968
32.6726, 1.99933
32.7354, 2.00384
32.7982, 2.00081
32.8611, 2.00067
32.9239, 2.00026
32.9867, 1.99975
33.0496, 2.00139
33.1124, 1.99903
33.1752, 1.99957
33.2381, 1.99927
33.3009, 1.99854
33.3637, 2.0006
33.4265, 1.99871
33.4894, 1.99817
33.5522, 1.99845
33.615, 1.99905
33.6779, 1.99765
33.7407, 1.99965
33.8035, 1.99866
33.8664, 1.99956
33.9292, 2.00168
33.992, 2.00141
34.0549, 1.99975
34.1177, 2.00498
34.1805, 2.00201
34.2434, 2.00373
34.3062, 2.00171
34.369, 2.00042
34.4319, 2.0038
34.4947, 2.00259
34.5575, 2.00336
34.6204, 2.00409
34.6832, 2.00498
34.746, 2.00397
34.8088, 2.00353
34.8717, 2.00543
34.9345, 2.00223
34.9973, 2.00599
35.0602, 2.00364
35.123, 2.00286
35.1858, 2.00076
35.2487, 2.00043
35.3115, 2.00284
35.3743, 2.00271
35.4372, 2.00128
35.5, 2.00266
35.5628, 1.99883
35.6257, 2.00351
35.6885, 2.00188
35.7513, 2.0028
35.8142, 2.00214
35.877, 2.00174
35.9398, 2.00423
36.0027, 2.00263
36.0655, 2.00183
36.1283, 2.00223
36.1911, 2.00078
36.254, 2.00216
36.3168, 2.00139
36.3796, 1.99894
36.4425, 2.00004
36.5053, 2.00155
36.5681, 2.00463
36.631, 2.00126
36.6938, 2.00144
36.7566, 1.99979
36.8195, 2.00258
36.8823, 2.00204
36.9451, 2.00131
37.008, 2.00173
37.0708, 1.99862
37.1336, 2.00036
37.1965, 2.00151
37.2593, 2.00234
37.3221, 2.00162
37.385, 2.00195
37.4478, 2.00157
37.5106, 2.0017
37.5734, 2.00104
37.6363, 2.00026
37.6991, 2.00205
37.7619, 2.00165
37.8248, 2.00224
37.8876, 2.00052
37.9504, 2.00144
38.0133, 2.00253
38.0761, 2.00107
38.1389, 2.00166
38.2018, 1.99976
38.2646, 2.00361
38.3274, 2.00163
38.3903, 1.99985
38.4531, 2.00345
38.5159, 2.00454
38.5788, 2.00214
38.6416, 2.00283
38.7044, 2.00194
38.7673, 1.99754
38.8301, 2.00085
38.8929, 2.00015
38.9557, 2.00374
39.0186, 2.0032
39.0814, 2.00491
39.1442, 2.0032
39.2071, 2.00184
39.2699, 2.00224
39.3327, 2.0016
39.3956, 2.00023
39.4584, 2.00094
39.5212, 2.00116
39.5841, 2.00285
39.6469, 2.00151
39.7097, 1.99827
39.7726, 1.99944
39.8354, 1.9979
39.8982, 1.99745
39.9611, 1.99963
40.0239, 2.00287
40.0867, 2.0003
40.1496, 2.00109
40.2124, 2.00131
40.2752, 1.99895
40.338, 1.99985
40.4009, 1.99793
40.4637, 1.99728
40.5265, 1.99971
40.5894, 1.99736
40.6522, 2.00096
40.715, 1.99975
40.7779, 2.00053
40.8407, 1.99999
40.9035, 1.99948
40.9664, 1.99847
41.0292, 2.00142
41.092, 1.99979
41.1549, 1.99953
41.2177, 2.0016
41.2805, 1.9983
41.3434, 1.99958
41.4062, 2.00147
41.469, 2.00062
41.5319, 1.99582
41.5947, 1.9977
41.6575, 1.99773
41.7204, 2.00041
41.7832, 2.00004
41.846, 1.99997
41.9088, 1.99875
41.9717, 2.00042
42.0345, 2.00218
42.0973, 2.00265
42.1602, 2.00134
42.223, 2.00072
42.2858, 2.00004
42.3487, 2.00014
42.4115, 2.00036
42.4743, 2.00105
42.5372, 1.99878
42.6, 2.00191
42.6628, 2.0016
42.7257, 1.99986
42.7885, 2.0002
42.8513, 1.99903
42.9142, 2.00082
42.977, 2.00233
43.0398, 2.00003
43.1027, 2.00109
43.1655, 2.00152
43.2283, 2.00257
43.2911, 2.00326
43.354, 2.0041
43.4168, 2.00255
43.4796, 2.00277
43.5425, 2.00046
43.6053, 2.00102
43.6681, 2.00118
43.731, 2.00142
43.7938, 2.00173
43.8566, 2.00194
43.9195, 2.00032
43.9823, 1.99981
44.0451, 2.00248
44.108, 2.00314
44.1708, 2.00222
44.2336, 2.00159
44.2965, 1.99998
44.3593, 2.00037
44.4221, 2.00159
44.485, 1.99966
44.5478, 1.99911
44.6106, 2.00014
44.6734, 2.00234
44.7363, 1.99942
44.7991, 2.00155
44.8619, 2.00074
44.9248, 2.00037
44.9876, 2.00038
45.0504, 2.00075
45.1133, 2.00037
45.1761, 1.99996
45.2389, 2.00033
45.3018, 2.00007
45.3646, 1.9992
45.4274, 1.99941
45.4903, 2.00072
45.5531, 2.00162
45.6159, 2.00027
45.6788, 2.0012
45.7416, 1.99907
45.8044, 1.99953
45.8673, 2.00335
45.9301, 2.00242
45.9929, 2.00017
46.0557, 2.00108
46.1186, 1.9998
46.1814, 2.0014
46.2442, 1.99961
46.3071, 1.99837
46.3699, 2.00129
46.4327, 2.00245
46.4956, 1.99937
46.5584, 1.99732
46.6212, 2.00113
46.6841, 1.99959
46.7469, 2.00184
46.8097, 2.00127
46.8726, 1.9975
46.9354, 2.00129
46.9982, 2.00032
47.0611, 2.00126
47.1239, 2.00106
47.1867, 1.99956
47.2496, 2.00209
47.3124, 2.00406
47.3752, 2.00026
47.438, 2.00495
47.5009, 2.00298
47.5637, 2.00311
47.6265, 1.99957
47.6894, 2.00295
47.7522, 2.00166
47.815, 2.00264
47.8779, 2.00522
47.9407, 2.00237
48.0035, 2.00329
48.0664, 2.00137
48.1292, 2.00185
48.192, 2.00134
48.2549, 2.00287
48.3177, 2.00214
48.3805, 2.00152
48.4434, 2.00256
48.5062, 1.99921
48.569, 2.00159
48.6319, 2.00081
48.6947, 2.00231
48.7575, 2.00126
48.8203, 2.00313
48.8832, 2.00274
48.946, 2.00326
49.0088, 2.00676
49.0717, 2.00335
49.1345, 2.00351
49.1973, 2.00308
49.2602, 2.00446
49.323, 2.00486
49.3858, 2.00378
49.4487, 2.00422
49.5115, 2.00307
49.5743, 2.00387
49.6372, 2.00302
49.7, 2.00295
49.7628, 2.00398
49.8257, 2.00524
49.8885, 2.00409
49.9513, 2.00277
50.0142, 2.00299
50.077, 2.00591
50.1398, 2.00205
50.2027, 2.00283
50.2655, 2.00326
50.3283, 2.00314
50.3911, 2.00508
50.454, 2.00375
50.5168, 2.00335
50.5796, 2.00442
50.6425, 2.00542
50.7053, 2.00464
50.7681, 2.00393
50.831, 2.00273
50.8938, 2.00437
50.9566, 2.00411
51.0195, 2.00296
51.0823, 2.00364
51.1451, 2.00406
51.208, 2.00436
51.2708, 2.00443
51.3336, 2.00552
51.3965, 2.00382
51.4593, 2.00192
51.5221, 2.0041
51.585, 2.00161
51.6478, 2.00241
51.7106, 2.00174
51.7734, 2.00418
51.8363, 2.00251
51.8991, 2.00317
51.9619, 2.00332
52.0248, 2.00145
52.0876, 2.00554
52.1504, 2.00582
52.2133, 2.00584
52.2761, 2.0051
52.3389, 2.00085
52.4018, 2.00415
52.4646, 2.00234
52.5274, 2.00476
52.5903, 2.00472
52.6531, 2.00178
52.7159, 2.0048
52.7788, 2.00419
52.8416, 2.0036
52.9044, 2.00311
52.9673, 1.99912
53.0301, 2.00378
53.0929, 2.0061
53.1557, 2.00475
53.2186, 2.00285
53.2814, 2.00346
53.3442, 2.00179
53.4071, 2.00314
53.4699, 2.00449
53.5327, 2.00443
53.5956, 2.00381
53.6584, 2.0036
53.7212, 2.00588
53.7841, 2.00274
53.8469, 2.00114
53.9097, 2.002
53.9726, 2.00181
54.0354, 2.00349
54.0982, 2.00383
54.1611, 2.00437
54.2239, 2.00436
54.2867, 2.00464
54.3496, 2.00429
54.4124, 2.00569
54.4752, 2.00458
54.538, 2.00316
54.6009, 2.00445
54.6637, 2.00195
54.7265, 2.00225
54.7894, 2.0019
54.8522, 2.00274
54.915, 2.00327
54.9779, 2.00245
55.0407, 2.00451
55.1035, 2.00379
55.1664, 2.00402
55.2292, 2.00523
55.292, 2.003
55.3549, 2.00141
55.4177, 2.00375
55.4805, 2.00469
55.5434, 2.00677
55.6062, 2.00582
55.669, 2.00276
55.7319, 2.00418
55.7947, 2.00448
55.8575, 2.00516
55.9203, 2.00601
55.9832, 2.00331
56.046, 2.00228
56.1088, 2.0039
56.1717, 2.00674
56.2345, 2.00369
56.2973, 2.00603
56.3602, 2.00452
56.423, 2.00557
56.4858, 2.00547
56.5487, 2.00508
56.6115, 2.00369
56.6743, 2.00542
56.7372, 2.00504
56.8, 2.00233
56.8628, 2.00176
56.9257, 2.00238
56.9885, 2.00362
57.0513, 2.00391
57.1142, 2.00397
57.177, 2.00594
57.2398, 2.00614
57.3027, 2.00444
57.3655, 2.00623
57.4283, 2.00461
57.4911, 2.00311
57.554, 2.00548
57.6168, 2.00265
57.6796, 2.00654
57.7425, 2.00695
57.8053, 2.00547
57.8681, 2.00443
57.931, 2.00472
57.9938, 2.00645
58.0566, 2.00457
58.1195, 2.00209
58.1823, 2.00322
58.2451, 2.00303
58.308, 2.00453
58.3708, 2.00664
58.4336, 2.00643
58.4965, 2.0082
58.5593, 2.0044
58.6221, 2.00216
58.685, 2.00215
58.7478, 2.00439
58.8106, 2.00581
58.8734, 2.00776
58.9363, 2.00731
58.9991, 2.0052
59.0619, 2.00485
59.1248, 2.00468
59.1876, 2.00465
59.2504, 2.00599
59.3133, 2.00375
59.3761, 2.0058
59.4389, 2.006
59.5018, 2.00677
59.5646, 2.00502
59.6274, 2.00416
59.6903, 2.00456
59.7531, 2.00083
59.8159, 2.00272
59.8788, 2.00378
59.9416, 2.00282
60.0044, 2.00343
60.0673, 2.00399
60.1301, 2.00341
60.1929, 2.0023
60.2557, 2.00416
60.3186, 2.00059
60.3814, 2.00261
60.4442, 2.00448
60.5071, 2.00365
60.5699, 2.00182
60.6327, 2.00306
60.6956, 2.00173
60.7584, 2.00307
60.8212, 2.00241
60.8841, 2.00742
60.9469, 2.00607
61.0097, 2.00338
61.0726, 2.0035
61.1354, 2.0034
61.1982, 2.00522
61.2611, 2.00405
61.3239, 2.00574
61.3867, 2.00263
61.4496, 2.00213
61.5124, 2.00396
61.5752, 2.00279
61.638, 2.00291
61.7009, 2.00104
61.7637, 2.00218
61.8265, 2.00288
61.8894, 2.00148
61.9522, 2.00339
62.015, 2.00662
62.0779, 2.00317
62.1407, 2.00251
62.2035, 2.00337
62.2664, 2.00317
62.3292, 2.00431
62.392, 2.00327
62.4549, 2.00279
62.5177, 2.00274
62.5805, 2.00297
62.6434, 2.00166
62.7062, 2.00427
62.769, 2.00452
62.8319, 2.00602
62.8947, 2.00414
62.9575, 2.00299
63.0203, 2.0032
63.0832, 2.00132
63.146, 2.00126
63.2088, 2.00434
63.2717, 2.00382
63.3345, 2.00446
63.3973, 2.00284
63.4602, 2.00736
63.523, 2.00387
63.5858, 2.00581
63.6487, 2.00333
63.7115, 2.0034
63.7743, 2.00297
63.8372, 2.00159
63.9, 2.00135
63.9628, 2.00471
64.0257, 2.005
64.0885, 2.00517
64.1513, 2.00452
64.2142, 2.00164
64.277, 2.00324
64.3398, 2.00654
64.4026, 2.00243
64.4655, 2.00366
64.5283, 2.00274
64.5911, 2.0038
64.654, 2.0034
64.7168, 2.00209
64.7796, 2.00266
64.8425, 2.00211
64.9053, 2.00465
64.9681, 2.00555
65.031, 2.0025
65.0938, 2.004
65.1566, 2.00571
65.2195, 2.00274
65.2823, 2.00422
65.3451, 2.00319
65.408, 2.00169
65.4708, 2.00427
65.5336, 2.00239
65.5965, 2.0025
65.6593, 2.00342
65.7221, 2.00427
65.785, 2.00287
65.8478, 2.00146
65.9106, 1.99988
65.9734, 2.00118
66.0363, 2.00085
66.0991, 2.00213
66.1619, 2.00461
66.2248, 2.00111
66.2876, 2
66.3504, 2.00191
66.4133, 2.00137
66.4761, 1.99961
66.5389, 2.00056
66.6018, 2.0014
66.6646, 2.00271
66.7274, 2.00216
66.7903, 2.00155
66.8531, 2.00101
66.9159, 2.00316
66.9788, 2.00317
67.0416, 2.00213
67.1044, 2.00268
67.1673, 2.00147
67.2301, 2.0016
67.2929, 2.00028
67.3557, 2.00005
67.4186, 1.99886
67.4814, 2.0028
67.5442, 2.00201
67.6071, 2.00225
67.6699, 2.0003
67.7327, 2.00012
67.7956, 1.99971
67.8584, 1.99959
67.9212, 1.99759
67.9841, 2.00137
68.0469, 2.001
68.1097, 1.99993
68.1726, 1.99832
68.2354, 1.99873
68.2982, 1.99861
68.3611, 1.99857
68.4239, 2.0001
68.4867, 2.00234
68.5496, 2.00434
68.6124, 1.99747
68.6752, 1.998
68.738, 2.00117
68.8009, 1.99828
68.8637, 2.00038
68.9265, 2.00194
68.9894, 1.99875
69.0522, 1.99923
69.115, 2.00036
69.1779, 2.00081
69.2407, 2.00051
69.3035, 1.99931
69.3664, 1.99867
69.4292, 1.99748
69.492, 1.99716
69.5549, 2.00102
69.6177, 1.99961
69.6805, 2.0006
69.7434, 2.00057
69.8062, 1.99747
69.869, 1.99692
69.9319, 2.00078
69.9947, 1.99773
70.0575, 1.99513
70.1203, 2.00001
70.1832, 1.99959
70.246, 2.00313
70.3088, 2.0014
70.3717, 2.00188
70.4345, 1.99931
70.4973, 1.99846
70.5602, 2.00076
70.623, 1.99877
70.6858, 2.00134
70.7487, 2.00008
70.8115, 1.9974
70.8743, 2.00005
70.9372, 1.99943
71, 1.99701
71.0628, 2.00009
71.1257, 1.99937
71.1885, 2.00029
71.2513, 1.99749
71.3142, 1.99855
71.377, 1.99808
71.4398, 1.99912
71.5026, 1.99725
71.5655, 2.00063
71.6283, 2.00133
71.6911, 1.99857
71.754, 1.99747
71.8168, 1.99786
71.8796, 1.99711
71.9425, 1.99673
72.0053, 2.00027
72.0681, 2.00082
72.131, 1.99775
72.1938, 1.99527
72.2566, 1.99837
72.3195, 2.00031
72.3823, 1.99794
72.4451, 1.9982
72.508, 1.99999
72.5708, 1.99868
72.6336, 1.99947
72.6965, 1.99748
72.7593, 1.99971
72.8221, 2.00202
72.8849, 2.0001
72.9478, 1.99968
73.0106, 1.99959
73.0734, 1.99976
73.1363, 2.00081
73.1991, 2.00027
73.2619, 2.00168
73.3248, 2.00238
73.3876, 1.99951
73.4504, 1.99759
73.5133, 2.0001
73.5761, 1.99882
73.6389, 2.00019
73.7018, 2.00243
73.7646, 2.00118
73.8274, 2.002
73.8903, 2.00044
73.9531, 2.0017
74.0159, 2.00389
74.0788, 2.0002
74.1416, 2.00008
74.2044, 2.00127
74.2673, 2.00098
74.3301, 2.00018
74.3929, 2.0026
74.4557, 2.00209
74.5186, 1.99808
74.5814, 2.00369
74.6442, 2.00116
74.7071, 2.00027
74.7699, 2.0007
74.8327, 2.00048
74.8956, 2.00025
74.9584, 2.00011
75.0212, 2.0018
75.0841, 2.00385
75.1469, 2.00172
75.2097, 2.00389
75.2726, 2.00238
75.3354, 2.00355
75.3982, 2.00433
75.4611, 2.00215
75.5239, 1.99945
75.5867, 2.00248
75.6496, 2.00297
75.7124, 2.00134
75.7752, 1.99994
75.838, 1.99818
75.9009, 1.99896
75.9637, 1.9985
76.0265, 2.00127
76.0894, 2.0018
76.1522, 2.00323
76.215, 2.00183
76.2779, 1.99872
76.3407, 1.99971
76.4035, 2.00037
76.4664, 2.00172
76.5292, 1.99957
76.592, 2.00075
76.6549, 2.00155
76.7177, 2.00068
76.7805, 2.00094
76.8434, 2.00157
76.9062, 2.00163
76.969, 2.00244
77.0319, 2.00077
77.0947, 2.00158
77.1575, 2.0007
77.2203, 2.00122
77.2832, 2.00052
77.346, 2.00357
77.4088, 2.00103
77.4717, 2.0041
77.5345, 2.00186
77.5973, 1.99981
77.6602, 2.00248
77.723, 1.9998
77.7858, 2.00029
77.8487, 2.00043
77.9115, 2.00101
77.9743, 2.0006
78.0372, 1.99959
78.1, 1.99848
78.1628, 1.99917
78.2257, 1.99976
78.2885, 2.00036
78.3513, 1.99795
78.4142, 1.99918
78.477, 2.00037
78.5398, 1.99966
78.6026, 1.9996
78.6655, 2.00055
78.7283, 2.00279
78.7911, 2.00112
78.854, 2.00165
78.9168, 1.99964
78.9796, 1.99641
79.0425, 1.99733
79.1053, 1.99928
79.1681, 1.99928
79.231, 1.99767
79.2938, 1.99661
79.3566, 1.99964
79.4195, 1.99851
79.4823, 1.99872
79.5451, 2.00016
79.608, 2.00158
79.6708, 2.00147
79.7336, 2.00031
79.7965, 2.00039
79.8593, 1.99741
79.9221, 1.99889
79.9849, 1.99803
80.0478, 1.99995
80.1106, 1.99854
80.1734, 2.00032
80.2363, 1.99925
80.2991, 1.99892
80.3619, 1.99928
80.4248, 1.99813
80.4876, 1.99872
80.5504, 1.99958
80.6133, 1.99902
80.6761, 1.99958
80.7389, 1.99901
80.8018, 2.00024
80.8646, 1.99924
80.9274, 2.0008
80.9903, 1.99953
81.0531, 1.9993
81.1159, 1.99854
81.1788, 1.99822
81.2416, 1.99877
81.3044, 1.99689
81.3672, 1.99636
81.4301, 1.99845
81.4929, 1.99998
81.5557, 2.00107
81.6186, 2.0006
81.6814, 1.99722
81.7442, 1.99839
81.8071, 2.00027
81.8699, 1.99959
81.9327, 1.9993
81.9956, 1.99928
82.0584, 1.99826
82.1212, 1.99887
82.1841, 1.99974
82.2469, 2.00071
82.3097, 1.99653
82.3726, 1.99882
82.4354, 1.99711
82.4982, 1.99959
82.5611, 2.00297
82.6239, 2.00053
82.6867, 2.00204
82.7496, 1.99991
82.8124, 2.00294
82.8752, 2.00054
82.938, 1.99827
83.0009, 2.0005
83.0637, 1.99881
83.1265, 1.99895
83.1894, 1.99933
83.2522, 2.00074
83.315, 2.00012
83.3779, 1.99912
83.4407, 1.99971
83.5035, 2.0014
83.5664, 2.00005
83.6292, 1.99826
83.692, 2.00155
83.7549, 1.99848
83.8177, 1.99875
83.8805, 1.99909
83.9434, 1.999
84.0062, 1.99943
84.069, 2.0009
84.1319, 2.00139
84.1947, 2.00031
84.2575, 2.00079
84.3203, 1.99849
84.3832, 1.99908
84.446, 2.00093
84.5088, 1.99809
84.5717, 2.00028
84.6345, 2.00158
84.6973, 2.00082
84.7602, 1.9995
84.823, 2.00055
84.8858, 1.99958
84.9487, 2.00005
85.0115, 1.99946
85.0743, 2.00067
85.1372, 1.99825
85.2, 1.99926
85.2628, 1.99831
85.3257, 1.99927
85.3885, 1.99892
85.4513, 2.00019
85.5142, 2.00002
85.577, 2.00133
85.6398, 1.99932
85.7026, 2.0029
85.7655, 1.99902
85.8283, 1.99898
85.8911, 1.99664
85.954, 2.00153
86.0168, 2.00328
86.0796, 2.00022
86.1425, 2.00037
86.2053, 1.99887
86.2681, 1.99903
86.331, 1.99924
86.3938, 2.00115
86.4566, 2.00146
86.5195, 1.99971
86.5823, 1.99915
86.6451, 2.00058
86.708, 1.99902
86.7708, 1.99969
86.8336, 2.00176
86.8965, 2.00191
86.9593, 2.00034
87.0221, 1.99936
87.0849, 2.00032
87.1478, 1.99948
87.2106, 2.00223
87.2734, 2.00045
87.3363, 1.9965
87.3991, 1.99836
87.4619, 2.0009
87.5248, 1.99971
87.5876, 2.00135
87.6504, 1.99792
87.7133, 1.9997
87.7761, 1.99955
87.8389, 2.00092
87.9018, 2.00011
87.9646, 1.99922
88.0274, 1.99886
88.0903, 2.00049
88.1531, 1.99997
88.2159, 1.99733
88.2788, 1.9987
88.3416, 2.00145
88.4044, 1.99685
88.4672, 1.99979
88.5301, 1.99841
88.5929, 1.99855
88.6557, 1.99755
88.7186, 1.99996
88.7814, 1.99709
88.8442, 1.99835
88.9071, 2.00074
88.9699, 1.99827
89.0327, 1.99989
89.0956, 1.99907
89.1584, 1.99859
89.2212, 2.00058
89.2841, 2.00095
89.3469, 2.00051
89.4097, 1.99981
89.4726, 2.00162
89.5354, 2.00231
89.5982, 2.00063
89.6611, 1.99837
89.7239, 1.9989
89.7867, 1.99975
89.8495, 1.99983
89.9124, 2.00505
89.9752, 2.00188
90.038, 2.00166
90.1009, 2.00251
90.1637, 2.00248
90.2265, 2.00218
90.2894, 2.00142
90.3522, 2.00237
90.415, 2.0028
90.4779, 2.00068
90.5407, 2.00222
90.6035, 2.00121
90.6664, 2.00247
90.7292, 1.99842
90.792, 2.00199
90.8549, 2.00045
90.9177, 1.99893
90.9805, 1.99987
91.0434, 1.99835
91.1062, 1.99915
91.169, 1.99831
91.2319, 2.00125
91.2947, 1.99836
91.3575, 1.99679
91.4203, 1.9998
91.4832, 1.99874
91.546, 1.99991
91.6088, 2.00018
91.6717, 2.0016
91.7345, 2.00114
91.7973, 1.99969
91.8602, 1.99851
91.923, 1.99863
91.9858, 1.99784
92.0487, 1.99821
92.1115, 1.99921
92.1743, 1.99955
92.2372, 2.00044
92.3, 2.00448
92.3628, 1.99784
92.4257, 2.00055
92.4885, 2.00074
92.5513, 2.00018
92.6142, 2.0025
92.677, 2.0007
92.7398, 2.00076
92.8026, 1.99911
92.8655, 2.00053
92.9283, 2.00078
92.9911, 2.00177
93.054, 2.00195
93.1168, 2.00015
93.1796, 2.00001
93.2425, 2.00215
93.3053, 2.00117
93.3681, 2.00025
93.431, 1.99873
93.4938, 1.99922
93.5566, 2.00069
93.6195, 1.9993
93.6823, 2.00095
93.7451, 1.99986
93.808, 2.00007
93.8708, 1.99919
93.9336, 1.99976
93.9965, 2.00193
94.0593, 1.9999
94.1221, 2.00028
94.1849, 2.00101
94.2478, 1.99703
94.3106, 2.00042
94.3734, 2.0016
94.4363, 2.00199
94.4991, 2.00121
94.5619, 2.00104
94.6248, 2.00226
94.6876, 2.0008
94.7504, 2.00357
94.8133, 2.0014
94.8761, 1.99954
94.9389, 2.00276
95.0018, 2.00126
95.0646, 2.00067
95.1274, 2.00237
95.1903, 2.00239
95.2531, 2.00242
95.3159, 2.00058
95.3788, 1.99943
95.4416, 1.99829
95.5044, 2.00076
95.5672, 2.00114
95.6301, 1.99964
95.6929, 2.00029
95.7557, 1.99971
95.8186, 2.00045
95.8814, 2.00234
95.9442, 1.99835
96.0071, 2.00087
96.0699, 2.0005
96.1327, 1.99696
96.1956, 2.00038
96.2584, 1.99899
96.3212, 1.99854
96.3841, 1.99858
96.4469, 1.99883
96.5097, 1.99825
96.5726, 2.0001
96.6354, 1.99889
96.6982, 1.99932
96.7611, 1.99842
96.8239, 1.99943
96.8867, 1.99669
96.9495, 1.99818
97.0124, 1.99806
97.0752, 1.99932
97.138, 1.99948
97.2009, 1.9994
97.2637, 2.00112
97.3265, 2.00101
97.3894, 2.00232
97.4522, 1.9997
97.515, 1.99852
97.5779, 1.99904
97.6407, 2.00103
97.7035, 1.99867
97.7664, 1.99998
97.8292, 1.99844
97.892, 2.00038
97.9549, 1.99794
98.0177, 1.99934
98.0805, 2.00042
98.1434, 1.998
98.2062, 1.99815
98.269, 1.9965
98.3319, 1.99833
98.3947, 1.99731
98.4575, 1.99592
98.5203, 1.99729
98.5832, 1.99567
98.646, 1.99979
98.7088, 1.99764
98.7717, 1.99753
98.8345, 1.99953
98.8973, 1.99881
98.9602, 1.99982
99.023, 1.99839
99.0858, 1.99885
99.1487, 2.00112
99.2115, 1.99913
99.2743, 1.99955
99.3372, 1.99884
99.4, 1.99661
99.4628, 1.99577
99.5257, 1.996
99.5885, 1.99809
99.6513, 2.00071
99.7142, 1.99746
99.777, 1.99907
99.8398, 1.99658
99.9026, 1.99747
99.9655, 1.99634
100.028, 1.99763
100.091, 1.99577
100.154, 1.99859
100.217, 1.99618
100.28, 1.99599
100.342, 1.99793
100.405, 1.99679
100.468, 1.99591
100.531, 1.99703
100.594, 1.99818
100.657, 1.99573
100.719, 1.99648
100.782, 1.99651
100.845, 1.99861
100.908, 1.99569
100.971, 1.99561
101.034, 1.99896
101.096, 1.9981
101.159, 1.9961
101.222, 1.99715
101.285, 1.99678
101.348, 1.99738
101.411, 1.99813
101.473, 1.99811
101.536, 1.99722
101.599, 1.99615
101.662, 1.99646
101.725, 1.99946
101.788, 1.99836
101.85, 1.99769
101.913, 1.99659
101.976, 1.99905
102.039, 1.99806
102.102, 1.99587
102.165, 1.99887
102.227, 1.9975
102.29, 1.99918
102.353, 1.998
102.416, 1.99627
102.479, 1.99834
102.542, 1.99689
102.604, 1.99751
102.667, 1.99574
102.73, 1.99432
102.793, 1.99665
102.856, 1.99838
102.919, 1.9971
102.981, 1.99746
103.044, 1.99518
103.107, 1.99681
103.17, 1.99848
103.233, 1.9984
103.296, 1.99695
103.358, 1.9945
103.421, 1.99565
103.484, 1.99477
103.547, 1.99655
103.61, 1.99607
103.673, 1.99648
103.735, 1.99724
103.798, 1.9954
103.861, 1.99743
103.924, 1.99799
103.987, 1.99758
104.05, 1.99467
104.112, 1.99809
104.175, 1.99667
104.238, 1.99784
104.301, 1.99711
104.364, 1.9983
104.427, 1.9976
104.489, 1.99621
104.552, 1.99749
104.615, 1.99724
104.678, 1.99687
104.741, 1.99694
104.804, 1.99975
104.866, 1.99983
104.929, 1.99669
104.992, 1.9998
105.055, 1.99962
105.118, 1.99714
105.181, 1.99787
105.243, 1.99905
105.306, 1.99756
105.369, 1.99717
105.432, 2.00093
105.495, 1.99953
105.558, 2.00125
105.62, 2.00182
105.683, 1.99918
105.746, 2.00136
105.809, 2.00112
105.872, 2.00167
105.935, 2.00221
105.997, 2.00069
106.06, 2.00156
106.123, 2.00151
106.186, 2.00148
106.249, 2.00101
106.311, 2.00231
106.374, 1.99967
106.437, 2.00072
106.5, 2.00103
106.563, 1.99795
106.626, 1.99977
106.688, 2.00132
106.751, 2.00233
106.814, 2.00147
106.877, 2.00302
106.94, 2.00182
107.003, 2.00017
107.065, 2.00025
107.128, 2.00116
107.191, 2.00025
107.254, 2.00187
107.317, 2.00011
107.38, 2.00132
107.442, 2.00124
107.505, 1.99966
107.568, 1.99828
107.631, 1.99887
107.694, 1.99714
107.757, 2.0001
107.819, 1.9996
107.882, 2
107.945, 1.99801
108.008, 1.99932
108.071, 2.00067
108.134, 2.0001
108.196, 2.00316
108.259, 2.00133
108.322, 2.00107
108.385, 2.00036
108.448, 2.00042
108.511, 1.99978
108.573, 2.00272
108.636, 1.99773
108.699, 1.99808
108.762, 2.00161
108.825, 2.00291
108.888, 2.00067
108.95, 2.00209
109.013, 2.00234
109.076, 2.00302
109.139, 2.0004
109.202, 2.00189
109.265, 1.99933
109.327, 1.99975
109.39, 1.99908
109.453, 1.99856
109.516, 2.00176
109.579, 2.00161
109.642, 2.00123
109.704, 2.00133
109.767, 2.00286
109.83, 2.00063
109.893, 2.00298
109.956, 2.00032
110.019, 2.00004
110.081, 2.00204
110.144, 2.00107
110.207, 2.00305
110.27, 2.00365
110.333, 2.00015
110.396, 1.9982
110.458, 1.99928
110.521, 2.00147
110.584, 2.00189
110.647, 2.00067
110.71, 1.99865
110.773, 1.99968
110.835, 2.00188
110.898, 1.99988
110.961, 2.00011
111.024, 1.99851
111.087, 1.99971
111.15, 1.999
111.212, 1.99901
111.275, 1.99975
111.338, 2.00175
111.401, 2.00034
111.464, 2.00107
111.527, 2.00051
111.589, 1.99845
111.652, 1.99825
111.715, 1.99747
111.778, 1.99941
111.841, 2.00056
111.904, 2.00078
111.966, 2.00043
112.029, 1.99736
112.092, 1.99904
112.155, 2.00114
112.218, 1.99978
112.281, 1.99995
112.343, 2.00189
112.406, 2.00067
112.469, 1.99941
112.532, 2.00215
112.595, 2.00054
112.658, 1.99868
112.72, 1.99908
112.783, 2.00027
112.846, 2.00099
112.909, 2.00022
112.972, 2.00005
113.035, 2.00089
113.097, 2.00001
113.16, 1.999
113.223, 1.99804
113.286, 1.99936
113.349, 1.99822
113.411, 1.99719
113.474, 1.99975
113.537, 1.99806
113.6, 2.00019
113.663, 1.99987
113.726, 1.99984
113.788, 2.00033
113.851, 2.00018
113.914, 2.00099
113.977, 1.9997
114.04, 2.00054
114.103, 1.99877
114.165, 2.00162
114.228, 1.99873
114.291, 1.99984
114.354, 1.9981
114.417, 2.00133
114.48, 2.00009
114.542, 2.00205
114.605, 1.99966
114.668, 1.9991
114.731, 2.00049
114.794, 2.00043
114.857, 2.00051
114.919, 1.99826
114.982, 1.99946
115.045, 2.00356
115.108, 1.99808
115.171, 1.99989
115.234, 2.00103
115.296, 1.99791
115.359, 1.99953
115.422, 2.00114
115.485, 2.00218
115.548, 1.9984
115.611, 2.00013
115.673, 1.99934
115.736, 2.00146
115.799, 2.00109
115.862, 2.00101
115.925, 2.00114
115.988, 2.00077
116.05, 2.00087
116.113, 1.99879
116.176, 1.99999
116.239, 2.00323
116.302, 2.00132
116.365, 2.00234
116.427, 2.00269
116.49, 2.00073
116.553, 2.00129
116.616, 1.99967
116.679, 2.00054
116.742, 1.99949
116.804, 1.99861
116.867, 2.0006
116.93, 1.99881
116.993, 1.99791
117.056, 2.0029
117.119, 2.00316
117.181, 2.00069
117.244, 1.99856
117.307, 1.99977
117.37, 2.00176
117.433, 1.99976
117.496, 2.00007
117.558, 1.99821
117.621, 1.9979
117.684, 1.99659
117.747, 2.00024
117.81, 1.99784
117.873, 1.99821
117.935, 1.99894
117.998, 1.99971
118.061, 2.00141
118.124, 2.00155
118.187, 1.99993
118.25, 1.9996
118.312, 1.99826
118.375, 2.00029
118.438, 1.99997
118.501, 2.00092
118.564, 1.99875
118.627, 2.00191
118.689, 1.99875
118.752, 2.00065
118.815, 2.00018
118.878, 2.00433
118.941, 1.99975
119.004, 1.99966
119.066, 2.00004
119.129, 2.00123
119.192, 2.00048
119.255, 1.99933
119.318, 2.00194
119.381, 2.00339
119.443, 2.00005
119.506, 2.00232
119.569, 2.00177
119.632, 2.00046
119.695, 2.0018
119.758, 2.00094
119.82, 1.99908
119.883, 2.001
119.946, 1.99819
120.009, 2.00031
120.072, 1.99885
120.135, 1.9994
120.197, 2.00095
120.26, 2.00079
120.323, 1.99873
120.386, 2.00002
120.449, 1.99893
120.511, 1.99817
120.574, 1.99905
120.637, 1.99969
120.7, 1.99811
120.763, 1.99918
120.826, 1.99891
120.888, 1.9972
120.951, 1.9981
121.014, 1.9992
121.077, 1.99758
121.14, 2.00045
121.203, 2.00199
121.265, 2.00186
121.328, 1.99939
121.391, 1.99979
121.454, 2.00083
121.517, 1.99893
121.58, 2.00004
121.642, 1.9994
121.705, 2.00121
121.768, 1.99936
121.831, 1.99844
121.894, 1.99669
121.957, 1.99634
122.019, 1.99861
122.082, 1.99773
122.145, 1.99788
122.208, 1.99923
122.271, 1.99857
122.334, 1.99886
122.396, 2.00117
122.459, 1.99861
122.522, 2.00032
122.585, 1.99701
122.648, 1.9973
122.711, 1.9999
122.773, 1.99853
122.836, 1.9991
122.899, 1.99885
122.962, 2.0031
123.025, 1.99901
123.088, 1.99761
123.15, 1.99954
123.213, 1.99948
123.276, 2.00029
123.339, 2.00097
123.402, 2.00082
123.465, 2.00223
123.527, 1.99856
123.59, 2.00022
123.653, 2.00133
123.716, 2.00239
123.779, 2.0007
123.842, 2.00111
123.904, 2.00167
123.967, 2.00252
124.03, 2.00015
124.093, 2.00059
124.156, 2.00013
124.219, 2.00293
124.281, 2.0046
124.344, 1.999
124.407, 1.99999
124.47, 2.00149
124.533, 2.00339
124.596, 2.00251
124.658, 2.00061
124.721, 2.00342
124.784, 2.00062
124.847, 2.00214
124.91, 2.00053
124.973, 2.00054
125.035, 2.00139
125.098, 2.00158
125.161, 2.0004
125.224, 2.00261
125.287, 1.99955
125.35, 1.9987
125.412, 1.99841
125.475, 1.99894
125.538, 1.9998
125.601, 2.00192
125.664, 1.99873
125.727, 2.00121
125.789, 1.99974
125.852, 1.99804
125.915, 1.99951
125.978, 2.00233
126.041, 2.00121
126.104, 1.99912
126.166, 2.00075
126.229, 1.99984
126.292, 1.99984
126.355, 1.9987
126.418, 1.9996
126.481, 1.99847
126.543, 1.99944
126.606, 2.00124
126.669, 2.00278
126.732, 2.00099
126.795, 2.00004
126.858, 2.00018
126.92, 2.00334
126.983, 2.00241
127.046, 2.00039
127.109, 1.99896
127.172, 2.00346
127.235, 1.99977
127.297, 1.99837
127.36, 2.00072
127.423, 1.99931
127.486, 1.99945
127.549, 1.99842
127.611, 2.00031
127.674, 1.99899
127.737, 1.99745
127.8, 1.99863
127.863, 2.00121
127.926, 1.99951
127.988, 2.00053
128.051, 2.0016
128.114, 2.0034
128.177, 2.0025
128.24, 2.00132
128.303, 2.00215
128.365, 2.00176
128.428, 1.99984
128.491, 1.99937
128.554, 1.99961
128.617, 2.00068
128.68, 2.00079
128.742, 1.99974
128.805, 2.00014
128.868, 2.00084
128.931, 2.00242
128.994, 2.00035
129.057, 2.00091
129.119, 2.00112
129.182, 1.99902
129.245, 2.00129
129.308, 1.99956
129.371, 2.0007
129.434, 1.99938
129.496, 1.99987
129.559, 1.99925
129.622, 2.00029
129.685, 1.99916
129.748, 1.99782
129.811, 1.99996
129.873, 2.00194
129.936, 1.99892
129.999, 1.99938
130.062, 1.99964
130.125, 1.99968
130.188, 1.99915
130.25, 1.99807
130.313, 1.99918
130.376, 1.99871
130.439, 1.99964
130.502, 2.00324
130.565, 2.00147
130.627, 2.00125
130.69, 2.00312
130.753, 2.00359
130.816, 2.0021
130.879, 2.00151
130.942, 2.00075
131.004, 2.00086
131.067, 2.0004
131.13, 2.0004
131.193, 1.99963
131.256, 1.99863
131.319, 1.99906
131.381, 2.00183
131.444, 2.0006
131.507, 2.00047
131.57, 2.00058
131.633, 2.00024
131.696, 2.00262
131.758, 2.00004
131.821, 2.00002
131.884, 1.99678
131.947, 2.00097
132.01, 1.99986
132.073, 1.99572
132.135, 1.99818
132.198, 1.99975
132.261, 1.99879
132.324, 2.00379
132.387, 2.0016
132.45, 1.99991
132.512, 1.99866
132.575, 2.00132
132.638, 1.99933
132.701, 1.99898
132.764, 2.002
132.827, 2.0013
132.889, 2.00193
132.952, 2.00254
133.015, 2.0038
133.078, 2.00115
133.141, 2.00094
133.204, 2.00108
133.266, 2.00156
133.329, 2.00199
133.392, 2.00155
133.455, 2.00154
133.518, 2.00034
133.581, 2.00201
133.643, 2.003
133.706, 2.00117
133.769, 2.0018
133.832, 2.00371
133.895, 2.0009
133.958, 2.00199
134.02, 2.00307
134.083, 1.99903
134.146, 2.00013
134.209, 1.99917
134.272, 2.00201
134.335, 2.00043
134.397, 2.00107
134.46, 2.00254
134.523, 2.00129
134.586, 2.00158
134.649, 2.00056
134.711, 2.00081
134.774, 2.00097
134.837, 2.00283
134.9, 1.99775
134.963, 2.00218
135.026, 2.00225
135.088, 2.0008
135.151, 1.99985
135.214, 2.00093
135.277, 2.00016
135.34, 2.00033
135.403, 2.00152
135.465, 2.00237
135.528, 2.0013
135.591, 2.00109
135.654, 1.99724
135.717, 1.99896
135.78, 1.99894
135.842, 2.00035
135.905, 1.99751
135.968, 1.99821
136.031, 2.00058
136.094, 1.99869
136.157, 2.00001
136.219, 2.00307
136.282, 2.0018
136.345, 2.00086
136.408, 2.00043
136.471, 2.00018
136.534, 2.00038
136.596, 2.00291
136.659, 2.00106
136.722, 2.00135
136.785, 2.00147
136.848, 2.00229
136.911, 2.00104
136.973, 2.00282
137.036, 2.00386
137.099, 2.00111
137.162, 2.00271
137.225, 2.00323
137.288, 2.00216
137.35, 2.00446
137.413, 2.00242
137.476, 2.0023
137.539, 2.00536
137.602, 2.00196
137.665, 2.00466
137.727, 2.00547
137.79, 2.00208
137.853, 2.00243
137.916, 2.00111
137.979, 2.00009
138.042, 2.002
138.104, 2.00325
138.167, 2.0005
138.23, 2.00219
138.293, 2.00076
138.356, 2.00135
138.419, 1.99956
138.481, 2.00167
138.544, 1.99996
138.607, 2.00132
138.67, 2.00134
138.733, 2.00084
138.796, 2.00113
138.858, 2.00253
138.921, 1.99991
138.984, 1.9991
139.047, 1.99771
139.11, 2.00111
139.173, 1.99944
139.235, 2.00088
139.298, 1.99785
139.361, 2.00105
139.424, 1.99835
139.487, 2.00056
139.55, 1.99837
139.612, 1.99697
139.675, 1.99803
139.738, 1.99802
139.801, 1.99817
139.864, 1.9995
139.927, 2.00011
139.989, 1.99924
140.052, 1.99833
140.115, 2.00082
140.178, 2.00077
140.241, 2.00081
140.304, 1.99969
140.366, 1.99992
140.429, 1.99901
140.492, 2.00019
140.555, 2.00336
140.618, 2.00259
140.681, 1.99986
140.743, 2.00102
140.806, 2.00002
140.869, 2.00108
140.932, 2.00177
140.995, 2.00158
141.058, 2.00499
141.12, 2.00137
141.183, 2.00305
141.246, 2.00121
141.309, 2.0019
141.372, 2.00196
141.435, 2.00171
141.497, 1.99897
141.56, 2.00245
141.623, 2.00196
141.686, 2.00009
141.749, 2.00146
141.811, 2.00166
141.874, 2.00026
141.937, 2.00006
142, 2.00246
142.063, 2.00128
142.126, 2.00037
142.188, 2.00055
142.251, 1.99961
142.314, 2.0019
142.377, 2.00082
142.44, 2.00157
142.503, 2.0004
142.565, 2.00115
142.628, 1.99993
142.691, 1.99952
142.754, 2.00009
142.817, 2.00078
142.88, 2.00254
142.942, 1.99981
143.005, 2.00179
143.068, 1.99935
143.131, 2.00014
143.194, 2.00219
143.257, 2.00397
143.319, 2.00325
143.382, 2.00243
143.445, 2.00138
143.508, 1.99852
143.571, 2.0011
143.634, 2.00081
143.696, 1.99845
143.759, 1.99906
143.822, 1.99846
143.885, 2.00074
143.948, 2.00157
144.011, 2.00091
144.073, 2.00496
144.136, 2.00358
144.199, 1.99997
144.262, 2.00026
144.325, 1.99776
144.388, 1.99994
144.45, 1.997
144.513, 1.99965
144.576, 2.00009
144.639, 2.002
144.702, 2.00052
144.765, 2.00008
144.827, 2.00162
144.89, 1.99878
144.953, 1.99845
145.016, 1.99924
145.079, 1.9983
145.142, 1.99834
145.204, 2.00049
145.267, 2.00057
145.33, 1.99921
145.393, 1.99861
145.456, 1.99913
145.519, 1.99722
145.581, 1.99893
145.644, 2.00026
145.707, 2.00023
145.77, 1.99853
145.833, 1.99856
145.896, 1.99831
145.958, 2.00066
146.021, 2.00099
146.084, 1.999
146.147, 1.99844
146.21, 1.99897
146.273, 1.99776
146.335, 1.99935
146.398, 1.99855
146.461, 2.00049
146.524, 1.99897
146.587, 1.99953
146.65, 1.9972
146.712, 2.00032
146.775, 1.99934
146.838, 1.99981
146.901, 2.00206
146.964, 1.99973
147.027, 1.99945
147.089, 1.99933
147.152, 2.00137
147.215, 1.99827
147.278, 1.9997
147.341, 1.99873
147.404, 1.99986
147.466, 1.99954
147.529, 1.99865
147.592, 1.99897
147.655, 2.00004
147.718, 1.99945
147.781, 1.99865
147.843, 2.00163
147.906, 1.99906
147.969, 1.99848
148.032, 2.0008
148.095, 1.99965
148.158, 1.99698
148.22, 1.9977
148.283, 1.99791
148.346, 1.99866
148.409, 1.99892
148.472, 2.00049
148.535, 1.99861
148.597, 1.99964
148.66, 2.00316
148.723, 1.99988
148.786, 1.99992
148.849, 2.00058
148.911, 2.00209
148.974, 1.99863
149.037, 1.99909
149.1, 2.00184
149.163, 1.99915
149.226, 1.99977
149.288, 1.99861
149.351, 2.00043
149.414, 2.00157
149.477, 1.99866
149.54, 1.99956
149.603, 2.00081
149.665, 1.99961
149.728, 1.99973
149.791, 2.00127
149.854, 2.00047
149.917, 1.99962
149.98, 2.00056
150.042, 1.99993
150.105, 2.00189
150.168, 2.00001
150.231, 2.00167
150.294, 2.00163
150.357, 2.00255
150.419, 2.00075
150.482, 1.99905
150.545, 1.99991
150.608, 2.00045
150.671, 2.00046
150.734, 2.00023
150.796, 1.99792
150.859, 1.99966
150.922, 2.00024
150.985, 1.99725
151.048, 1.99931
151.111, 2.00081
151.173, 1.99832
151.236, 2.00132
151.299, 2.00181
151.362, 1.99846
151.425, 1.99881
151.488, 1.99865
151.55, 2.00007
151.613, 2.00113
151.676, 2.00265
151.739, 1.99892
151.802, 2.00033
151.865, 2.00077
151.927, 1.99884
151.99, 1.99868
152.053, 2.00198
152.116, 2.00287
152.179, 2.00231
152.242, 2.0019
152.304, 1.99872
152.367, 2.00012
152.43, 2.00119
152.493, 1.9987
152.556, 2.00023
152.619, 2.00048
152.681, 1.99789
152.744, 1.99621
152.807, 2.00244
152.87, 1.99852
152.933, 1.99774
152.996, 1.99843
153.058, 2.00028
153.121, 2
153.184, 2.00231
153.247, 2.00154
153.31, 2.00151
153.373, 1.99897
153.435, 2.00098
153.498, 2.00174
153.561, 2.00121
153.624, 2.00234
153.687, 1.99992
153.75, 1.99847
153.812, 2.00013
153.875, 1.99926
153.938, 1.99862
154.001, 1.99627
154.064, 1.99759
154.127, 2.00131
154.189, 2.00009
154.252, 2.00082
154.315, 2.00179
154.378, 2.00448
154.441, 2.0004
154.504, 2.00255
154.566, 2.00123
154.629, 2.00059
154.692, 2.00069
154.755, 1.99912
154.818, 2.00134
154.881, 2.00031
154.943, 1.99781
155.006, 2.00161
155.069, 2.00067
155.132, 1.99923
155.195, 2.00264
155.258, 2.0019
155.32, 2.00131
155.383, 2.00079
155.446, 2.00343
155.509, 2.00137
155.572, 2.00196
155.635, 2.00095
155.697, 2.00093
155.76, 2.00144
155.823, 2.00177
155.886, 2.00217
155.949, 2.0014
156.011, 2.00038
156.074, 2.00132
156.137, 2.00094
156.2, 2.00176
156.263, 2.00285
156.326, 1.9997
156.388, 1.99949
156.451, 2.0021
156.514, 2.00261
156.577, 2.00282
156.64, 2.00452
156.703, 2.00386
156.765, 2.00139
156.828, 2.00138
156.891, 2.00147
156.954, 2.00374
157.017, 2.00112
157.08, 2.00591
157.142, 2.00224
157.205, 2.00258
157.268, 2.00119
157.331, 2.00254
157.394, 2.00189
157.457, 2.00149
157.519, 2.00196
157.582, 2.00143
157.645, 2.00197
157.708, 2.00185
157.771, 2.00033
157.834, 2.00204
157.896, 2.00272
157.959, 2.00396
158.022, 2.00254
158.085, 2.00614
158.148, 2.00416
158.211, 2.00281
158.273, 2.00336
158.336, 2.00162
158.399, 1.99966
158.462, 2.00254
158.525, 2.00426
158.588, 2.00271
158.65, 2.00198
158.713, 1.99692
158.776, 2.00154
158.839, 2.00181
158.902, 2.00324
158.965, 2.00278
159.027, 2.00418
159.09, 2.0013
159.153, 2.00269
159.216, 2.00145
159.279, 2.00116
159.342, 2.00077
159.404, 2.00104
159.467, 2.00028
159.53, 2.00193
159.593, 2.00175
159.656, 2.00021
159.719, 2.00049
159.781, 2.00164
159.844, 2.00234
159.907, 2.00343
159.97, 2.00221
160.033, 2.00298
160.096, 2.00457
160.158, 2.00192
160.221, 2.00197
160.284, 2.00123
160.347, 2.00264
160.41, 1.99927
160.473, 2.00186
160.535, 1.99928
160.598, 1.99903
160.661, 2.00098
160.724, 2.00208
160.787, 2.00378
160.85, 2.0023
160.912, 1.99965
160.975, 1.99977
161.038, 1.99957
161.101, 2.00008
161.164, 2.00043
161.227, 1.99699
161.289, 2.002
161.352, 2.00137
161.415, 1.99876
161.478, 2.00033
161.541, 1.99744
161.604, 1.9991
161.666, 2.00186
161.729, 1.99853
161.792, 1.99861
161.855, 1.99912
161.918, 2.00194
161.981, 2.00044
162.043, 2.00082
162.106, 1.9996
162.169, 1.9999
162.232, 1.99865
162.295, 2.00021
162.358, 2.00064
162.42, 2.00091
162.483, 2.00103
162.546, 2.0009
162.609, 1.99901
162.672, 2.00031
162.734, 2.00053
162.797, 2.00118
162.86, 2.00031
162.923, 2.00133
162.986, 2.00151
163.049, 1.99973
163.111, 1.99983
163.174, 2.0032
163.237, 2.00084
163.3, 1.99952
163.363, 2.00027
163.426, 2.00049
163.488, 2.00166
163.551, 1.99924
163.614, 1.99989
163.677, 1.99529
163.74, 1.99982
163.803, 2.00011
163.865, 2.00145
163.928, 2.00169
163.991, 2.00084
164.054, 1.99834
164.117, 2.00021
164.18, 2.00043
164.242, 2.00082
164.305, 2.00035
164.368, 2.00045
164.431, 2.0011
164.494, 1.99861
164.557, 2.00165
164.619, 2.00215
164.682, 2.00076
164.745, 2.00043
164.808, 2.00106
164.871, 2.00053
164.934, 1.99904
164.996, 1.99926
165.059, 1.99946
165.122, 1.99991
165.185, 2.00135
165.248, 1.99922
165.311, 2.00014
165.373, 2.00097
165.436, 2.00007
165.499, 1.99993
165.562, 2.00189
165.625, 2.00054
165.688, 1.99941
165.75, 1.99965
165.813, 2.00047
165.876, 1.99882
165.939, 2.00302
166.002, 2.00122
166.065, 1.99953
166.127, 2.00098
166.19, 2.00209
166.253, 1.99808
166.316, 1.99688
166.379, 1.99825
166.442, 2.00002
166.504, 1.99843
166.567, 1.99811
166.63, 1.99979
166.693, 1.9995
166.756, 1.99821
166.819, 1.99716
166.881, 1.99965
166.944, 2.00066
167.007, 1.99909
167.07, 2.00096
167.133, 1.99922
167.196, 1.99989
167.258, 2.00009
167.321, 1.99665
167.384, 2.00177
167.447, 2.00161
167.51, 1.99921
167.573, 1.99981
167.635, 2.00139
167.698, 2.00123
167.761, 1.99936
167.824, 1.99996
167.887, 1.99702
167.95, 2.00104
168.012, 2.00072
168.075, 2.00079
168.138, 1.99947
168.201, 1.99851
168.264, 1.99982
168.327, 2.00044
168.389, 2.00235
168.452, 1.9993
168.515, 2.00092
168.578, 2.00125
168.641, 1.99994
168.704, 2.00209
168.766, 2.00169
168.829, 2.00178
168.892, 2.00007
168.955, 2.00118
169.018, 2.00078
169.081, 2.00275
169.143, 2.00221
169.206, 2.00362
169.269, 1.99737
169.332, 1.99881
169.395, 2.00136
169.458, 2.00167
169.52, 2.00082
169.583, 2.00153
169.646, 2.00025
169.709, 2.00022
169.772, 2.0001
169.834, 1.99994
169.897, 2.00376
169.96, 2.00457
170.023, 2.00339
170.086, 2.00306
170.149, 2.0026
170.211, 2.00026
170.274, 2.00304
170.337, 2.00225
170.4, 1.99982
170.463, 2.00103
170.526, 2.00398
170.588, 2.00175
170.651, 2.00072
170.714, 1.99979
170.777, 2.00237
170.84, 2.00361
170.903, 2.00351
170.965, 2.00184
171.028, 2.00119
171.091, 2.00127
171.154, 2.00119
171.217, 2.00164
171.28, 2.00095
171.342, 2.00142
171.405, 2.00278
171.468, 2.00276
171.531, 2.00386
171.594, 2.00276
171.657, 2.00245
171.719, 2
171.782, 2.00143
171.845, 2.00125
171.908, 2.0012
171.971, 2.00021
172.034, 1.99923
172.096, 1.9987
172.159, 2.00018
172.222, 1.99966
172.285, 2.00015
172.348, 1.99862
172.411, 1.99957
172.473, 2.00025
172.536, 1.99981
172.599, 2.00143
172.662, 2.00325
172.725, 2.00378
172.788, 2.00268
172.85, 1.99976
172.913, 2.00232
172.976, 2.0038
173.039, 2.00148
173.102, 2.00047
173.165, 2.00228
173.227, 2.00445
173.29, 2.00488
173.353, 2.00275
173.416, 2.0042
173.479, 2.00187
173.542, 2.0008
173.604, 1.99972
173.667, 1.99831
173.73, 2.00115
173.793, 2.00214
173.856, 2.0005
173.919, 2.00357
173.981, 2.00283
174.044, 2.00086
174.107, 2.00067
174.17, 2.00369
174.233, 1.99971
174.296, 1.99917
174.358, 1.99927
174.421, 2.00178
174.484, 2.00132
174.547, 2.0023
174.61, 2.00144
174.673, 1.99918
174.735, 2.00068
174.798, 2.00073
174.861, 2.00293
174.924, 2.00066
174.987, 2.0014
175.05, 1.99993
175.112, 2.00096
175.175, 2.00128
175.238, 2.00085
175.301, 2.003
175.364, 2.00072
175.427, 2.00077
175.489, 1.99941
175.552, 2.00139
175.615, 2.00238
175.678, 2.00314
175.741, 2.00365
175.804, 2.00291
175.866, 2.00171
175.929, 2.00448
175.992, 2.00116
176.055, 2.00129
176.118, 2.00015
176.181, 2.00418
176.243, 2.00245
176.306, 2.00335
176.369, 2.00228
176.432, 2.00401
176.495, 2.00329
176.558, 2.00303
176.62, 2.00272
176.683, 2.00447
176.746, 2.0023
176.809, 2.00544
176.872, 2.00394
176.934, 2.00192
176.997, 2.00188
177.06, 2.0024
177.123, 2.00118
177.186, 2.00469
177.249, 2.00234
177.311, 1.99966
177.374, 2.00203
177.437, 2.0034
177.5, 2.00382
177.563, 2.00474
177.626, 2.00144
177.688, 2.00167
177.751, 2.00221
177.814, 1.99971
177.877, 2.00023
177.94, 2.0005
178.003, 2.00299
178.065, 2.00169
178.128, 2.00245
178.191, 1.99944
178.254, 1.9985
178.317, 1.99943
178.38, 2.00183
178.442, 1.99919
178.505, 2.00137
178.568, 2.00144
178.631, 1.99963
178.694, 2.00028
178.757, 1.99971
178.819, 2.00213
178.882, 1.99915
178.945, 2.00128
179.008, 2.00297
179.071, 2.00294
179.134, 2.00111
179.196, 2.00016
179.259, 2.00034
179.322, 1.99997
179.385, 1.99941
179.448, 2.00102
179.511, 1.99955
179.573, 1.99993
179.636, 2.00081
179.699, 2.00088
179.762, 2.00303
179.825, 2.00174
179.888, 2.00138
179.95, 1.99967
180.013, 2.00122
180.076, 2
180.139, 2.00008
180.202, 1.99957
180.265, 2.00513
180.327, 2.00247
180.39, 2.00168
180.453, 2.00156
180.516, 2.00105
180.579, 1.99905
180.642, 1.99981
180.704, 2.00127
180.767, 2.00013
180.83, 2.00026
180.893, 1.99897
180.956, 1.99973
181.019, 1.9997
181.081, 1.99798
181.144, 2.00128
181.207, 2.00034
181.27, 1.99996
181.333, 1.99911
181.396, 2.00094
181.458, 1.99905
181.521, 1.99684
181.584, 1.99739
181.647, 2.00056
181.71, 1.99977
181.773, 1.99772
181.835, 1.99827
181.898, 1.99838
181.961, 1.99994
182.024, 1.99939
182.087, 2.00075
182.15, 1.99849
182.212, 1.9986
182.275, 1.99634
182.338, 1.99895
182.401, 1.99921
182.464, 1.99902
182.527, 1.99682
182.589, 1.9987
182.652, 2.00115
182.715, 1.99702
182.778, 1.99886
182.841, 1.99844
182.904, 1.99972
182.966, 1.99884
183.029, 1.99998
183.092, 1.99997
183.155, 1.99955
183.218, 1.99784
183.281, 1.99778
183.343, 1.99958
183.406, 2.00194
183.469, 1.99932
183.532, 2.00018
183.595, 1.99912
183.658, 2.00053
183.72, 2.00038
183.783, 1.99791
183.846, 1.99938
183.909, 1.99802
183.972, 1.99907
184.034, 1.99724
184.097, 1.9983
184.16, 2.00197
184.223, 2.00121
184.286, 1.99883
184.349, 1.99768
184.411, 1.99862
184.474, 1.99636
184.537, 1.99942
184.6, 1.99937
184.663, 2.00068
184.726, 1.99986
184.788, 2.00009
184.851, 2.00308
184.914, 2.00056
184.977, 1.99965
185.04, 1.99913
185.103, 1.99812
185.165, 1.9969
185.228, 1.99849
185.291, 1.99858
185.354, 1.99946
185.417, 2.00029
185.48, 1.99845
185.542, 1.99499
185.605, 1.99812
185.668, 1.9987
185.731, 2.00057
185.794, 1.99881
185.857, 2.00021
185.919, 2.00021
185.982, 1.99905
186.045, 2.00023
186.108, 2.00074
186.171, 2.00111
186.234, 2
186.296, 1.99945
186.359, 1.99919
186.422, 2.00078
186.485, 2.00164
186.548, 1.99817
186.611, 2.00117
186.673, 2.00171
186.736, 2.00006
186.799, 2.00125
186.862, 1.99962
186.925, 1.99878
186.988, 1.99747
187.05, 1.99668
187.113, 1.99902
187.176, 1.99576
187.239, 2.00101
187.302, 1.99885
187.365, 1.99894
187.427, 1.99753
187.49, 1.99947
187.553, 2.00011
187.616, 1.9989
187.679, 2.00007
187.742, 1.99682
187.804, 1.99715
187.867, 1.99817
187.93, 1.9958
187.993, 1.99755
188.056, 1.99762
188.119, 2.00058
188.181, 1.99954
188.244, 2.00102
188.307, 2.00071
188.37, 2.00028
188.433, 1.99939
188.496, 1.99926
188.558, 1.99916
188.621, 1.99788
188.684, 1.99632
188.747, 1.99609
188.81, 1.99904
188.873, 1.99726
188.935, 2.00025
188.998, 2.00013
189.061, 1.99915
189.124, 2.00079
189.187, 1.99766
189.25, 1.99661
189.312, 1.99855
189.375, 1.9989
189.438, 2.00046
189.501, 2.00034
189.564, 2.00085
189.627, 1.99796
189.689, 1.99945
189.752, 1.99927
189.815, 1.99905
189.878, 1.99722
189.941, 1.99729
190.004, 1.99855
190.066, 1.99742
190.129, 1.99707
190.192, 1.99726
190.255, 1.99809
190.318, 1.99707
190.381, 1.99803
190.443, 1.99884
190.506, 2.00066
190.569, 1.99873
190.632, 1.99982
190.695, 1.99742
190.758, 1.99879
190.82, 1.99836
190.883, 1.99676
190.946, 1.99715
191.009, 1.99473
191.072, 1.99615
191.134, 1.99555
191.197, 1.99592
191.26, 1.99913
191.323, 1.99818
191.386, 1.99725
191.449, 1.99768
191.511, 1.99761
191.574, 1.99839
191.637, 1.99531
191.7, 1.99726
191.763, 1.99803
191.826, 2.00106
191.888, 1.99759
191.951, 1.99853
192.014, 1.99911
192.077, 1.99937
192.14, 1.99921
192.203, 1.99952
192.265, 1.99965
192.328, 2.00031
192.391, 2.00182
192.454, 2.00006
192.517, 1.99875
192.58, 1.99899
192.642, 1.99858
192.705, 1.99929
192.768, 1.99858
192.831, 1.99942
192.894, 1.99816
192.957, 2.00062
193.019, 1.99996
193.082, 2.0005
193.145, 1.99816
193.208, 1.99724
193.271, 1.99941
193.334, 2.00129
193.396, 1.9994
193.459, 2.00128
193.522, 2.00267
193.585, 2.00054
193.648, 2.0015
193.711, 1.99916
193.773, 2.00138
193.836, 1.99855
193.899, 1.9978
193.962, 1.99978
194.025, 1.9988
194.088, 1.99915
194.15, 2.00106
194.213, 2.00071
194.276, 2.00289
194.339, 1.99943
194.402, 2.00078
194.465, 2.00063
194.527, 1.99893
194.59, 1.99955
194.653, 2.00032
194.716, 1.99971
194.779, 1.99962
194.842, 1.99968
194.904, 1.99878
194.967, 1.99782
195.03, 1.99911
195.093, 1.99648
195.156, 1.99816
195.219, 1.99806
195.281, 1.99901
195.344, 1.99993
195.407, 1.99758
195.47, 1.99772
195.533, 1.99791
195.596, 1.99825
195.658, 1.99897
195.721, 1.99908
195.784, 1.9984
195.847, 1.9983
195.91, 2.00041
195.973, 1.99948
196.035, 1.99993
196.098, 2.00143
196.161, 2.00127
196.224, 2.00024
196.287, 1.99919
196.35, 1.99734
196.412, 1.99918
196.475, 2.00005
196.538, 1.99945
196.601, 2.00042
196.664, 2.00131
196.727, 2.00015
196.789, 1.99868
196.852, 1.99868
196.915, 2.00084
196.978, 1.99973
197.041, 1.99864
197.104, 2.0005
197.166, 2.00228
197.229, 1.99886
197.292, 1.99924
197.355, 1.99853
197.418, 2.00005
197.481, 1.99949
197.543, 2.00199
197.606, 2.0008
197.669, 2.00127
197.732, 1.99911
197.795, 2.00045
197.858, 1.99758
197.92, 2.00143
197.983, 1.99891
198.046, 2.001
198.109, 1.99978
198.172, 2.0008
198.234, 2.00122
198.297, 2.00104
198.36, 2.00185
198.423, 2.00078
198.486, 2.0015
198.549, 2.00043
198.611, 2.0027
198.674, 2.00162
198.737, 1.99859
198.8, 1.99906
198.863, 1.9987
198.926, 1.99981
198.988, 1.99875
199.051, 2.00014
199.114, 1.99898
199.177, 1.9996
199.24, 2.00217
199.303, 2.00117
199.365, 2.00026
199.428, 1.99755
199.491, 1.99816
199.554, 1.99815
199.617, 2.00032
199.68, 1.99757
199.742, 1.99973
199.805, 1.99747
199.868, 2.00026
199.931, 1.99838
199.994, 1.99826
200.057, 1.9978
200.119, 1.9987
200.182, 1.9966
200.245, 1.99769
200.308, 1.99923
200.371, 1.99893
200.434, 1.99766
200.496, 1.99689
200.559, 1.99965
200.622, 1.99935
200.685, 2.0011
200.748, 1.99885
200.811, 1.99756
200.873, 1.99824
200.936, 1.99744
200.999, 2.0009
201.062, 2.00134
201.125, 1.99799
201.188, 1.99846
201.25, 1.9991
201.313, 1.99791
201.376, 1.99885
201.439, 1.99815
201.502, 1.99579
201.565, 1.99754
201.627, 1.99686
201.69, 1.99497
201.753, 1.99852
201.816, 2.00089
201.879, 1.99732
201.942, 2.00074
202.004, 1.99727
202.067, 1.99967
202.13, 1.99625
202.193, 1.99881
202.256, 1.99987
202.319, 2.00229
202.381, 2.00146
202.444, 1.99993
202.507, 1.99835
202.57, 1.99874
202.633, 1.99911
202.696, 1.99894
202.758, 1.99774
202.821, 1.99884
202.884, 1.99866
202.947, 1.99759
203.01, 1.99454
203.073, 1.9975
203.135, 1.99678
203.198, 2.00107
203.261, 1.99694
203.324, 1.99732
203.387, 1.9985
203.45, 1.99798
203.512, 1.99683
203.575, 1.99925
203.638, 1.99818
203.701, 1.99824
203.764, 1.99922
203.827, 2.00004
203.889, 1.99795
203.952, 1.99751
204.015, 1.99618
204.078, 1.99659
204.141, 1.99727
204.204, 1.99741
204.266, 1.99796
204.329, 1.99788
204.392, 1.99768
204.455, 1.9983
204.518, 1.99984
204.581, 1.99916
204.643, 2.00028
204.706, 1.99827
204.769, 2.00022
204.832, 2.00039
204.895, 2.0017
204.958, 1.9999
205.02, 1.99823
205.083, 1.99858
205.146, 2.00276
205.209, 2.00176
205.272, 2.00089
205.334, 1.99993
205.397, 2.00282
205.46, 2.00263
205.523, 2.00012
205.586, 2.00068
205.649, 2.00105
205.711, 1.99897
205.774, 1.99986
205.837, 2.00118
205.9, 2.0003
205.963, 2.00069
206.026, 2.00053
206.088, 2.00025
206.151, 2.00049
206.214, 1.99845
206.277, 2.00315
206.34, 2.00131
206.403, 1.99895
206.465, 1.99904
206.528, 2.00099
206.591, 1.99928
206.654, 2.00078
206.717, 1.99994
206.78, 2.00112
206.842, 2.00042
206.905, 2.0006
206.968, 2.00334
207.031, 2.00034
207.094, 1.99937
207.157, 2.00075
207.219, 1.9998
207.282, 2.0011
207.345, 1.99983
207.408, 2.00089
207.471, 2.00042
207.534, 1.99848
207.596, 1.99926
207.659, 2.00174
207.722, 1.9994
207.785, 2.00164
207.848, 2.00185
207.911, 1.99834
207.973, 1.99921
208.036, 2.00062
208.099, 1.99758
208.162, 2.00188
208.225, 1.99773
208.288, 1.99715
208.35, 1.99867
208.413, 2.00072
208.476, 2.00183
208.539, 1.99896
208.602, 2.00048
208.665, 1.99689
208.727, 1.99935
208.79, 2.00177
208.853, 2.00031
208.916, 2.00154
208.979, 2.00035
209.042, 1.99893
209.104, 2.00129
209.167, 2.00065
209.23, 2.00006
209.293, 1.99931
209.356, 2.00081
209.419, 1.99747
209.481, 1.99806
209.544, 1.99786
209.607, 1.99972
209.67, 2.00146
209.733, 1.99915
209.796, 2.00087
209.858, 1.99932
209.921, 1.99852
209.984, 2.00111
210.047, 2.00113
210.11, 1.99974
210.173, 2.00152
210.235, 2.00104
210.298, 2.00341
210.361, 2.00171
210.424, 2.00009
210.487, 2.00052
210.55, 1.99885
210.612, 1.99784
210.675, 1.99987
210.738, 2.00494
210.801, 2.001
210.864, 2.00097
210.927, 1.99904
210.989, 1.99969
211.052, 2.00069
211.115, 2.00094
211.178, 2.00009
211.241, 1.99979
211.304, 1.99826
211.366, 2.00144
211.429, 2.0023
211.492, 2.00234
211.555, 2.00106
211.618, 2.00187
211.681, 2.00275
211.743, 2.00174
211.806, 2.00336
211.869, 2.00274
211.932, 2.00206
211.995, 1.99947
212.058, 2.00061
212.12, 1.99933
212.183, 2.00265
212.246, 2.00053
212.309, 2.00072
212.372, 1.99917
212.434, 2.00153
212.497, 2.0002
212.56, 2.0031
212.623, 2.00149
212.686, 1.99934
212.749, 2.00267
212.811, 1.9997
212.874, 1.99647
212.937, 1.99984
213, 1.99877
213.063, 1.99945
213.126, 1.99875
213.188, 1.99931
213.251, 1.99784
213.314, 1.99945
213.377, 2.00031
213.44, 1.99927
213.503, 2.00121
213.565, 1.99993
213.628, 2.00037
213.691, 2.00028
213.754, 2.00176
213.817, 1.99877
213.88, 1.99748
213.942, 1.99985
214.005, 1.99979
214.068, 2.00176
214.131, 1.99875
214.194, 1.99957
214.257, 2.00322
214.319, 2.0017
214.382, 1.99965
214.445, 2.00119
214.508, 2.00077
214.571, 2.00035
214.634, 1.9998
214.696, 2.00006
214.759, 1.99826
214.822, 1.99951
214.885, 1.9995
214.948, 2.00398
215.011, 2.0011
215.073, 1.99941
215.136, 2.00046
215.199, 2.00175
215.262, 2.00204
215.325, 1.99971
215.388, 2.00067
215.45, 2.00168
215.513, 2.00023
215.576, 2.00194
215.639, 2.00103
215.702, 2.00048
215.765, 2.00108
215.827, 2.00159
215.89, 1.99822
215.953, 1.99797
216.016, 2.00059
216.079, 1.99847
216.142, 2.00307
216.204, 2.00073
216.267, 2.00053
216.33, 2.00037
216.393, 2.00043
216.456, 1.99893
216.519, 2.00182
216.581, 2.00442
216.644, 2.00283
216.707, 2.00198
216.77, 2.00143
216.833, 2.00108
216.896, 2.00049
216.958, 2.00361
217.021, 2.00157
217.084, 1.99961
217.147, 2.00094
217.21, 2.00435
217.273, 2.00493
217.335, 1.99923
217.398, 1.9982
217.461, 1.9989
217.524, 2.00186
217.587, 2.00233
217.65, 2.00281
217.712, 2.00205
217.775, 2.00253
217.838, 2.00041
217.901, 1.99779
217.964, 1.99827
218.027, 2.00063
218.089, 1.9988
218.152, 2.00056
218.215, 1.99862
218.278, 2.00211
218.341, 2.00178
218.404, 2.00389
218.466, 2.0045
218.529, 2.00206
218.592, 2.00152
218.655, 2.00174
218.718, 1.99981
218.781, 2.00172
218.843, 1.99998
218.906, 2.00159
218.969, 2.00031
219.032, 2.00231
219.095, 2.00054
219.158, 2.00186
219.22, 1.99985
219.283, 1.99915
219.346, 2.00152
219.409, 2.00147
219.472, 2.00193
219.534, 2.00136
219.597, 2.00055
219.66, 2.00018
219.723, 2.00123
219.786, 2.00432
219.849, 2.00018
219.911, 2.00341
219.974, 2.00033
220.037, 2.00174
220.1, 2.0028
220.163, 2.00342
220.226, 2.00266
220.288, 2.00186
220.351, 2.00223
220.414, 2.00282
220.477, 2.0032
220.54, 2.0019
220.603, 2.00248
220.665, 2.00168
220.728, 2.00318
220.791, 2.00221
220.854, 2.00464
220.917, 2.00361
220.98, 2.00516
221.042, 2.00253
221.105, 2.00032
221.168, 2.00261
221.231, 2.00219
221.294, 2.00385
221.357, 2.00446
221.419, 2.00292
221.482, 2.00326
221.545, 2.00275
221.608, 2.00152
221.671, 2.00213
221.734, 2.00367
221.796, 2.00513
221.859, 2.00375
221.922, 2.00308
221.985, 2.00279
222.048, 2.00191
222.111, 2.0016
222.173, 2.00165
222.236, 2.00248
222.299, 2.00352
222.362, 2.00102
222.425, 2.00349
222.488, 2.00308
222.55, 2.00119
222.613, 2.00232
222.676, 2.00355
222.739, 2.00396
222.802, 2.00354
222.865, 2.00555
222.927, 2.00194
222.99, 2.00373
223.053, 2.00366
223.116, 2.00488
223.179, 2.00355
223.242, 2.00076
223.304, 2.00306
223.367, 2.00102
223.43, 2.00149
223.493, 2.00081
223.556, 2.00251
223.619, 2.00053
223.681, 2.00019
223.744, 2.00049
223.807, 1.99995
223.87, 2.0016
223.933, 2.00216
223.996, 2.00412
224.058, 2.0017
224.121, 2.00153
224.184, 2.00255
224.247, 1.99895
224.31, 2.0001
224.373, 2.00201
224.435, 2.00212
224.498, 2.00019
224.561, 2.00301
224.624, 2.00219
224.687, 2.00193
224.75, 2.00488
224.812, 2.00226
224.875, 1.99786
224.938, 2.00078
225.001, 2.00197
225.064, 2.00208
225.127, 2.00138
225.189, 2.00051
225.252, 2.00117
225.315, 2.00291
225.378, 2.00242
225.441, 2.00092
225.504, 1.99918
225.566, 2.0009
225.629, 2.00245
225.692, 1.99909
225.755, 2.00001
225.818, 1.99646
225.881, 1.99916
225.943, 2.00048
226.006, 1.99753
226.069, 1.99876
226.132, 2.00277
226.195, 2.00127
226.258, 2.00014
226.32, 1.99787
226.383, 1.99906
226.446, 1.99893
226.509, 2.00124
226.572, 2.00148
226.634, 2.00033
226.697, 1.9988
226.76, 1.99689
226.823, 2.00172
226.886, 1.99991
226.949, 1.99725
227.011, 1.99715
227.074, 2.00032
227.137, 1.9984
227.2, 1.99962
227.263, 1.99784
227.326, 1.99721
227.388, 1.99771
227.451, 1.99997
227.514, 1.99878
227.577, 2.00151
227.64, 2.00393
227.703, 1.99757
227.765, 1.99861
227.828, 2.00035
227.891, 1.99718
227.954, 2.00001
228.017, 2.00261
228.08, 2.00081
228.142, 2.00198
228.205, 1.99952
228.268, 2.00348
228.331, 2.00009
228.394, 2.00162
228.457, 1.99818
228.519, 1.99977
228.582, 1.99888
228.645, 2.0001
228.708, 1.99913
228.771, 2.0029
228.834, 2.00145
228.896, 1.99892
228.959, 1.99895
229.022, 2.00233
229.085, 2.00155
229.148, 2.00161
229.211, 1.99866
229.273, 2.00083
229.336, 1.99839
229.399, 1.99974
229.462, 1.99828
229.525, 2.00135
229.588, 2.00093
229.65, 2.00292
229.713, 1.99964
229.776, 2.00011
229.839, 2.00072
229.902, 2.00086
229.965, 2.0017
230.027, 1.99968
230.09, 1.99848
230.153, 2.00061
230.216, 1.9995
230.279, 1.99878
230.342, 1.99735
230.404, 1.99919
230.467, 2.00011
230.53, 2.00081
230.593, 1.99956
230.656, 1.99736
230.719, 1.99813
230.781, 1.99915
230.844, 2.00057
230.907, 2.00157
230.97, 2.00113
231.033, 2.00057
231.096, 2.00111
231.158, 2.00125
231.221, 1.99911
231.284, 1.9994
231.347, 1.99984
231.41, 2.00056
231.473, 2.0011
231.535, 2.00017
231.598, 2.0003
231.661, 1.99872
231.724, 1.99871
231.787, 1.99903
231.85, 2.00045
231.912, 2.00083
231.975, 1.99971
232.038, 2.00095
232.101, 1.99887
232.164, 1.99885
232.227, 1.99873
232.289, 1.99867
232.352, 2.00096
232.415, 2.00195
232.478, 2.00031
232.541, 2.00064
232.604, 2.00136
232.666, 2.00102
232.729, 1.99992
232.792, 2.00192
232.855, 1.99925
232.918, 1.99859
232.981, 2.00013
233.043, 1.99983
233.106, 2.00244
233.169, 2.0018
233.232, 2.00014
233.295, 2.00171
233.358, 2.00412
233.42, 2.00176
233.483, 2.00088
233.546, 1.99888
233.609, 1.99966
233.672, 2.00135
233.734, 1.99978
233.797, 2.0002
233.86, 2.00105
233.923, 2.002
233.986, 2.00055
234.049, 1.99964
234.111, 2.00109
234.174, 1.99953
234.237, 1.99883
234.3, 1.99954
234.363, 1.99836
234.426, 1.99719
234.488, 2.00168
234.551, 1.99785
234.614, 1.99771
234.677, 1.99943
234.74, 1.99966
234.803, 2.0002
234.865, 2.00249
234.928, 2.00036
234.991, 1.99956
235.054, 1.99735
235.117, 2.00046
235.18, 2.00076
235.242, 1.99802
235.305, 2.00127
235.368, 1.99902
235.431, 1.99997
235.494, 2.00114
235.557, 1.99754
235.619, 1.99909
235.682, 2.00046
235.745, 1.99853
235.808, 1.99871
235.871, 2.00208
235.934, 1.99872
235.996, 2.00089
236.059, 2.00002
236.122, 1.99962
236.185, 1.99868
236.248, 2.00022
236.311, 1.99802
236.373, 2.00017
236.436, 1.99851
236.499, 1.99634
236.562, 1.99946
236.625, 1.99625
236.688, 1.99773
236.75, 1.99799
236.813, 1.99817
236.876, 1.99873
236.939, 1.99976
237.002, 1.99767
237.065, 1.99896
237.127, 1.99806
237.19, 1.9984
237.253, 1.99865
237.316, 1.99862
237.379, 1.99966
237.442, 1.99848
237.504, 2.00108
237.567, 2.00048
237.63, 2.00003
237.693, 1.99783
237.756, 1.9979
237.819, 1.99866
237.881, 2.00207
237.944, 2.00017
238.007, 2.00267
238.07, 1.99967
238.133, 1.99874
238.196, 2.00061
238.258, 1.99955
238.321, 2.00112
238.384, 2.00092
238.447, 1.99898
238.51, 2.00089
238.573, 2.00246
238.635, 2.00102
238.698, 1.99935
238.761, 1.99936
238.824, 2.00007
238.887, 1.99874
238.95, 1.99753
239.012, 2.00031
239.075, 1.99817
239.138, 2.00177
239.201, 1.9991
239.264, 1.99826
239.327, 1.9988
239.389, 1.99892
239.452, 1.99924
239.515, 2.00009
239.578, 1.99875
239.641, 1.99926
239.704, 1.99818
239.766, 1.99867
239.829, 1.99983
239.892, 1.99921
239.955, 2.00007
240.018, 2.00099
240.081, 2
240.143, 1.99942
240.206, 1.99928
240.269, 1.99957
240.332, 2.00172
240.395, 2.00005
240.458, 2.00121
240.52, 1.99978
240.583, 1.99949
240.646, 2.00056
240.709, 1.99652
240.772, 1.99931
240.834, 1.99852
240.897, 1.99754
240.96, 1.99662
241.023, 1.99812
241.086, 1.99908
241.149, 2.00126
241.211, 1.99842
241.274, 2.00109
241.337, 1.99707
241.4, 1.99935
241.463, 1.99834
241.526, 1.99826
241.588, 2.00076
241.651, 2.00097
241.714, 2.00131
241.777, 1.99994
241.84, 2.00125
241.903, 1.99948
241.965, 1.99928
242.028, 2.00046
242.091, 2.00209
242.154, 2.00082
242.217, 1.99985
242.28, 1.99831
242.342, 2.00122
242.405, 2.00231
242.468, 1.99829
242.531, 2.00566
242.594, 2.00182
242.657, 2.0005
242.719, 2.00154
242.782, 2.00214
242.845, 1.99981
242.908, 2.00079
242.971, 1.99993
243.034, 1.99861
243.096, 1.99964
243.159, 2.00096
243.222, 1.99826
243.285, 1.99935
243.348, 2.00176
243.411, 1.99918
243.473, 1.99846
243.536, 2.00109
243.599, 1.99898
243.662, 1.9983
243.725, 1.9995
243.788, 1.99712
243.85, 1.99739
243.913, 1.99782
243.976, 1.99859
244.039, 1.99944
244.102, 2.00066
244.165, 1.99938
244.227, 1.99759
244.29, 1.99955
244.353, 1.99805
244.416, 1.99776
244.479, 1.99903
244.542, 1.99892
244.604, 1.99655
244.667, 1.99777
244.73, 1.99848
244.793, 1.99972
244.856, 1.99832
244.919, 2.00003
244.981, 1.99882
245.044, 1.99884
245.107, 1.99701
245.17, 2.00232
245.233, 2.00067
245.296, 1.9989
245.358, 1.99921
245.421, 2.00063
245.484, 2.0025
245.547, 2.0016
245.61, 2.00399
245.673, 2.00108
245.735, 2.00094
245.798, 2.00072
245.861, 2.00109
245.924, 2.00044
245.987, 1.9991
246.05, 2.0012
246.112, 2.00228
246.175, 2.00035
246.238, 2.00525
246.301, 2.00059
246.364, 2.0003
246.427, 1.99925
246.489, 2.00004
246.552, 2.00183
246.615, 2.00131
246.678, 2.00025
246.741, 2.00395
246.804, 2.00129
246.866, 2.00296
246.929, 2.00259
246.992, 1.99865
247.055, 1.99968
247.118, 2.0001
247.181, 2.00043
247.243, 2.00016
247.306, 2.0022
247.369, 2.00052
247.432, 2.00192
247.495, 2.0008
247.558, 2.00088
247.62, 2.00134
247.683, 1.99981
247.746, 2.00011
247.809, 2.00077
247.872, 2.00147
247.934, 2.0005
247.997, 1.99919
248.06, 1.99776
248.123, 2.00189
248.186, 1.99852
248.249, 2.00356
248.311, 2.00169
248.374, 2.00096
248.437, 2.00361
248.5, 2.00055
248.563, 2.00001
248.626, 2.0013
248.688, 2.00144
248.751, 2.00113
248.814, 2.0009
248.877, 1.99935
248.94, 2.0022
249.003, 2.001
249.065, 2.00042
249.128, 2.00052
249.191, 1.99962
249.254, 2.00105
249.317, 2.00008
249.38, 2.00065
249.442, 2.00223
249.505, 1.99926
249.568, 2.00174
249.631, 2.00281
249.694, 1.99998
249.757, 2.00129
249.819, 1.9988
249.882, 2.00113
249.945, 2.00213
250.008, 2.00104
250.071, 2.00062
250.134, 2.0007
250.196, 2.0013
250.259, 2.00142
250.322, 2.00174
250.385, 2.00118
250.448, 2.00014
250.511, 1.99939
250.573, 1.99955
250.636, 1.99782
250.699, 1.99998
250.762, 2.00155
250.825, 2.00281
250.888, 2.00313
250.95, 2.00321
251.013, 2.00213
251.076, 2.00371
251.139, 2.00005
251.202, 2.00051
251.265, 2.00111
251.327, 2.00111
251.39, 1.99914
251.453, 2.00177
251.516, 2.00098
251.579, 2.00117
251.642, 2.0004
251.704, 1.99969
251.767, 2.00239
251.83, 2.00035
251.893, 1.99904
251.956, 2.00184
252.019, 2.00266
252.081, 2.00327
252.144, 2.00235
252.207, 2.00208
252.27, 2.00046
252.333, 2.00165
252.396, 1.99989
252.458, 1.99994
252.521, 2.00199
252.584, 2.00464
252.647, 2.00129
252.71, 2.00076
252.773, 2.00124
252.835, 1.99899
252.898, 1.99985
252.961, 1.99892
253.024, 2.00431
253.087, 2.00225
253.15, 2.00109
253.212, 2.0014
253.275, 2.00235
253.338, 2.00143
253.401, 1.99954
253.464, 2.00205
253.527, 2.00157
253.589, 2.00081
253.652, 2.0003
253.715, 2.00069
253.778, 1.99888
253.841, 2.0003
253.904, 2.00004
253.966, 2.001
254.029, 2.00158
254.092, 1.99794
254.155, 2.00074
254.218, 2.0019
254.281, 2.00103
254.343, 2.00107
254.406, 2.00081
254.469, 2.00262
254.532, 2.00118
254.595, 2.00201
254.658, 2.00082
254.72, 2.00253
254.783, 2.00113
254.846, 2.00021
254.909, 2.00005
254.972, 2.00359
255.034, 2.00058
255.097, 2.00109
255.16, 1.99879
255.223, 2.00176
255.286, 2.00099
255.349, 1.99946
255.411, 2.0019
255.474, 1.99979
255.537, 2.00262
255.6, 2.00009
255.663, 1.99734
255.726, 2.00155
255.788, 2.00102
255.851, 1.99898
255.914, 2.00091
255.977, 1.9984
256.04, 2.0009
256.103, 1.99978
256.165, 2.00092
256.228, 1.9969
256.291, 2.00146
256.354, 2.00011
256.417, 1.99811
256.48, 1.99867
256.542, 1.99965
256.605, 1.99986
256.668, 1.99763
256.731, 1.99826
256.794, 2.00009
256.857, 1.99858
256.919, 1.99763
256.982, 1.99741
257.045, 1.99934
257.108, 1.99948
257.171, 1.99839
257.234, 1.99787
257.296, 1.9998
257.359, 1.9984
257.422, 1.99981
257.485, 2.00118
257.548, 1.99972
257.611, 1.99957
257.673, 1.99906
257.736, 1.99904
257.799, 1.99947
257.862, 1.99842
257.925, 1.99936
257.988, 2.00079
258.05, 2.0011
258.113, 1.99959
258.176, 1.99807
258.239, 2.00072
258.302, 1.99954
258.365, 1.99997
258.427, 1.99868
258.49, 1.99972
258.553, 1.99929
258.616, 1.99812
258.679, 1.99976
258.742, 1.99874
258.804, 2.0004
258.867, 2.00116
258.93, 1.99973
258.993, 2.00076
259.056, 1.99916
259.119, 1.99957
259.181, 2.00097
259.244, 1.99958
259.307, 2.00083
259.37, 2.00093
259.433, 1.99902
259.496, 1.99766
259.558, 1.99775
259.621, 1.99766
259.684, 1.99783
259.747, 1.99796
259.81, 1.99952
259.873, 1.99807
259.935, 1.9982
259.998, 1.99726
260.061, 1.99913
260.124, 1.99768
260.187, 1.99873
260.25, 1.99799
260.312, 1.99694
260.375, 1.9979
260.438, 1.99726
260.501, 1.9993
260.564, 1.99655
260.627, 1.99941
260.689, 1.99627
260.752, 1.99854
260.815, 1.99719
260.878, 1.99901
260.941, 1.99709
261.004, 1.99874
261.066, 2.00065
261.129, 1.99937
261.192, 1.99985
261.255, 1.9988
261.318, 1.99897
261.381, 1.99814
261.443, 1.99889
261.506, 1.99991
261.569, 1.9995
261.632, 1.99949
261.695, 1.9999
261.757, 1.99929
261.82, 1.99942
261.883, 1.99748
261.946, 1.99645
262.009, 1.99911
262.072, 1.99993
262.134, 2.00174
262.197, 1.99983
262.26, 2.00182
262.323, 1.99779
262.386, 1.99908
262.449, 1.99857
262.511, 1.9976
262.574, 1.99858
262.637, 1.99999
262.7, 2.00042
262.763, 2.00077
262.826, 1.99931
262.888, 2.00021
262.951, 1.99989
263.014, 2.00017
263.077, 2.00101
263.14, 2.00016
263.203, 2.00348
263.265, 2.00324
263.328, 2.00283
263.391, 2.00198
263.454, 1.99993
263.517, 1.9968
263.58, 1.99963
263.642, 2.00003
263.705, 1.99789
263.768, 2.00183
263.831, 1.99933
263.894, 1.99946
263.957, 1.99892
264.019, 2.00162
264.082, 2.00072
264.145, 2.00146
264.208, 2.0028
264.271, 2.00256
264.334, 2.00048
264.396, 2.00474
264.459, 2.00113
264.522, 2.00189
264.585, 2.00172
264.648, 2.00383
264.711, 2.00137
264.773, 1.99975
264.836, 1.99992
264.899, 1.99945
264.962, 2.00259
265.025, 2.00041
265.088, 2.0015
265.15, 2.00177
265.213, 2.00232
265.276, 1.99942
265.339, 2.00169
265.402, 2.00126
265.465, 2.00068
265.527, 2.00015
265.59, 2.00185
265.653, 2.00246
265.716, 2.00364
265.779, 2.00145
265.842, 2.00168
265.904, 2.00233
265.967, 1.99879
266.03, 1.9994
266.093, 1.99923
266.156, 1.99714
266.219, 2.00011
266.281, 2.00388
266.344, 2.0024
266.407, 2.00069
266.47, 2.00069
266.533, 2.00023
266.596, 2.00202
266.658, 2.00067
266.721, 1.99957
266.784, 1.99914
266.847, 1.99904
266.91, 1.99775
266.973, 1.99921
267.035, 1.99974
267.098, 1.99981
267.161, 1.99989
267.224, 1.99679
267.287, 1.9991
267.35, 1.99904
267.412, 1.99919
267.475, 1.99541
267.538, 1.99814
267.601, 1.99762
267.664, 1.99699
267.727, 1.99882
267.789, 2.00071
267.852, 2.00197
267.915, 2.0024
267.978, 1.99912
268.041, 1.9977
268.104, 1.99909
268.166, 1.9992
268.229, 2.0007
268.292, 2.0002
268.355, 2.00244
268.418, 2.002
268.481, 1.9986
268.543, 1.9997
268.606, 1.99992
268.669, 1.999
268.732, 2.00051
268.795, 2.00147
268.857, 1.99865
268.92, 2.00214
268.983, 2.00044
269.046, 2.00024
269.109, 2.00097
269.172, 2.00288
269.234, 2.00118
269.297, 1.99961
269.36, 1.99932
269.423, 1.99937
269.486, 1.99907
269.549, 2.0005
269.611, 1.99868
269.674, 2.0017
269.737, 2.00249
269.8, 2.00109
269.863, 1.99968
269.926, 1.9992
269.988, 1.99879
270.051, 1.99848
270.114, 2.00045
270.177, 2.00037
270.24, 1.99996
270.303, 1.99901
270.365, 1.99786
270.428, 2.00457
270.491, 2.00096
270.554, 2.00082
270.617, 1.99977
270.68, 2.00011
270.742, 1.99957
270.805, 1.99957
270.868, 2.00277
270.931, 1.99992
270.994, 1.99983
271.057, 1.99998
271.119, 2.00131
271.182, 2.00366
271.245, 2.00208
271.308, 2.00175
271.371, 2.0007
271.434, 2.00289
271.496, 2.00185
271.559, 2.0012
271.622, 2.00293
271.685, 2.00217
271.748, 2.00141
271.811, 2.00182
271.873, 2.00035
271.936, 2.00172
271.999, 2.00102
272.062, 1.99951
272.125, 2.00107
272.188, 2.0018
272.25, 2.00085
272.313, 2.00099
272.376, 2.001
272.439, 2.00008
272.502, 1.99977
272.565, 2.00149
272.627, 2.00052
272.69, 1.99992
272.753, 2.00397
272.816, 2.00182
272.879, 2.0006
272.942, 1.99991
273.004, 2.00271
273.067, 2.0024
273.13, 2.00033
273.193, 2.00406
273.256, 2.00165
273.319, 2.00254
273.381, 2.00117
273.444, 2.00132
273.507, 1.9989
273.57, 1.9999
273.633, 2.00014
273.696, 2
273.758, 1.99983
273.821, 1.99979
273.884, 1.99888
273.947, 1.99723
274.01, 2.00034
274.073, 1.99949
274.135, 2.00165
274.198, 2.00064
274.261, 2.00056
274.324, 2.00105
274.387, 1.99805
274.45, 1.99869
274.512, 1.9987
274.575, 1.99902
274.638, 1.99998
274.701, 1.99909
274.764, 1.99891
274.827, 1.99985
274.889, 1.99875
274.952, 2.00097
275.015, 2.00072
275.078, 1.99865
275.141, 1.99751
275.204, 1.9999
275.266, 2.00013
275.329, 1.99801
275.392, 2.0005
275.455, 1.99912
275.518, 2.00257
275.581, 1.99976
275.643, 2.00223
275.706, 2.00023
275.769, 1.99724
275.832, 2.00053
275.895, 1.99953
275.957, 1.99867
276.02, 1.99903
276.083, 1.99866
276.146, 1.99806
276.209, 1.99924
276.272, 1.99854
276.334, 1.99901
276.397, 1.99695
276.46, 2.00102
276.523, 2.00217
276.586, 1.99665
276.649, 1.99983
276.711, 2.00021
276.774, 2.00054
276.837, 1.99879
276.9, 1.99801
276.963, 2.00012
277.026, 1.99771
277.088, 1.99803
277.151, 1.99796
277.214, 1.99744
277.277, 1.99992
277.34, 2.00036
277.403, 2.00058
277.465, 1.99829
277.528, 1.99558
277.591, 1.99743
277.654, 1.998
277.717, 1.99947
277.78, 1.99944
277.842, 1.99842
277.905, 1.99928
277.968, 1.99847
278.031, 1.99948
278.094, 1.99785
278.157, 1.99818
278.219, 1.99907
278.282, 1.99796
278.345, 2.00018
278.408, 1.99961
278.471, 1.99993
278.534, 1.99851
278.596, 1.99715
278.659, 1.99734
278.722, 1.99853
278.785, 2.00056
278.848, 1.99938
278.911, 1.99908
278.973, 1.99887
279.036, 1.99745
279.099, 1.99782
279.162, 1.99825
279.225, 1.99854
279.288, 1.99857
279.35, 2.00048
279.413, 1.99953
279.476, 2.00068
279.539, 1.99934
279.602, 1.99999
279.665, 2.00065
279.727, 2.00056
279.79, 2.00005
279.853, 1.99963
279.916, 1.99995
279.979, 1.9988
280.042, 1.99906
280.104, 2.00082
280.167, 1.99932
280.23, 2.00139
280.293, 1.99917
280.356, 1.99961
280.419, 1.99931
280.481, 1.99905
280.544, 2.00159
280.607, 2.00218
280.67, 2.00256
280.733, 1.99905
280.796, 1.99903
280.858, 1.99959
280.921, 2.00119
280.984, 1.99929
281.047, 1.99594
281.11, 1.99965
281.173, 2.00016
281.235, 1.99783
281.298, 2.0016
281.361, 2.00044
281.424, 1.99763
281.487, 2.00015
281.55, 2.00224
281.612, 1.99851
281.675, 1.99921
281.738, 1.99952
281.801, 2.00205
281.864, 2.00115
281.927, 1.9993
281.989, 1.99897
282.052, 1.99974
282.115, 2.00147
282.178, 2.00184
282.241, 1.99891
282.304, 1.99982
282.366, 2.00238
282.429, 1.99994
282.492, 2.00267
282.555, 2.00008
282.618, 2.00017
282.681, 2.00168
282.743, 2.00072
282.806, 1.99821
282.869, 2.00044
282.932, 2.00044
282.995, 2.00198
283.057, 2.00185
283.12, 2.00189
283.183, 2.00325
283.246, 2.0011
283.309, 2.00059
283.372, 1.99936
283.434, 2.00155
283.497, 2.00139
283.56, 2.00093
283.623, 2.00165
283.686, 2.00058
283.749, 1.99998
283.811, 1.99791
283.874, 2.00038
283.937, 1.9986
284, 2.00029
284.063, 1.99921
284.126, 2.00098
284.188, 2.0006
284.251, 2.0015
284.314, 1.99914
284.377, 1.99963
284.44, 2.00047
284.503, 1.99895
284.565, 1.99807
284.628, 1.99974
284.691, 2.00173
284.754, 1.99887
284.817, 1.99825
284.88, 2.0018
284.942, 1.99936
285.005, 1.99955
285.068, 2.00005
285.131, 2.0006
285.194, 2.00154
285.257, 2.00112
285.319, 2.00128
285.382, 2.00028
285.445, 1.99953
285.508, 1.99915
285.571, 1.99974
285.634, 2.00236
285.696, 2.00168
285.759, 2.0006
285.822, 1.9982
285.885, 2.00057
285.948, 2.00111
286.011, 1.99609
286.073, 2.00121
286.136, 2.00097
286.199, 2.00086
286.262, 1.99958
286.325, 1.99969
286.388, 2.00214
286.45, 2.00341
286.513, 1.99969
286.576, 2.00049
286.639, 2.00057
286.702, 2.00279
286.765, 2.00217
286.827, 2.0025
286.89, 2.00146
286.953, 2.00114
287.016, 2.00306
287.079, 2.00156
287.142, 2.00151
287.204, 2.00026
287.267, 1.9999
287.33, 2.00087
287.393, 2.00161
287.456, 2.00117
287.519, 2.00198
287.581, 2.00291
287.644, 2.00152
287.707, 2.00377
287.77, 2.00133
287.833, 2.00183
287.896, 2.00157
287.958, 1.9998
288.021, 1.9995
288.084, 1.99953
288.147, 1.99977
288.21, 2.00413
288.273, 2.00086
288.335, 1.99977
288.398, 2.00279
288.461, 2.00442
288.524, 2.00113
288.587, 2.00218
288.65, 1.99965
288.712, 2.00164
288.775, 2.00461
288.838, 2.00365
288.901, 2.00032
288.964, 2.00064
289.027, 2.00248
289.089, 2.00181
289.152, 2.00062
289.215, 2.00091
289.278, 2.00255
289.341, 2.00451
289.404, 1.99974
289.466, 2.00339
289.529, 2.00079
289.592, 2.0017
289.655, 1.9989
289.718, 1.99928
289.781, 1.99798
289.843, 1.99832
289.906, 2.00166
289.969, 1.9995
290.032, 1.99963
290.095, 1.99971
290.157, 2.00048
290.22, 1.99982
290.283, 2.0005
290.346, 1.99888
290.409, 2.00011
290.472, 2.00097
290.534, 1.99911
290.597, 1.99727
290.66, 2.00102
290.723, 1.99965
290.786, 1.99889
290.849, 2.00224
290.911, 1.9999
290.974, 1.99902
291.037, 2.00019
291.1, 1.99865
291.163, 1.9989
291.226, 2.00134
291.288, 2.00227
291.351, 2.00062
291.414, 2.00109
291.477, 1.99967
291.54, 2
291.603, 1.99917
291.665, 1.99857
291.728, 2.00066
291.791, 2.00169
291.854, 1.99842
291.917, 1.99939
291.98, 1.99903
292.042, 1.99883
292.105, 1.9976
292.168, 1.99999
292.231, 2.00086
292.294, 2.00064
292.357, 1.99848
292.419, 1.99843
292.482, 1.99744
292.545, 1.99796
292.608, 2.00035
292.671, 2.00218
292.734, 2.00203
292.796, 1.99946
292.859, 2.00057
292.922, 2.00038
292.985, 1.99973
293.048, 2.00244
293.111, 1.99906
293.173, 1.99979
293.236, 2.00109
293.299, 2.00093
293.362, 2.0026
293.425, 2.00175
293.488, 2.0026
293.55, 2.00315
293.613, 2.0006
293.676, 2.00064
293.739, 1.99958
293.802, 2.00306
293.865, 2.00047
293.927, 2.00068
293.99, 1.99978
294.053, 1.99902
294.116, 2.00012
294.179, 2.00147
294.242, 2.00254
294.304, 2.00139
294.367, 2.00049
294.43, 1.99954
294.493, 1.99927
294.556, 2.00052
294.619, 1.99881
294.681, 2.00078
294.744, 1.99886
294.807, 1.99935
294.87, 2.00029
294.933, 2.00285
294.996, 2.00166
295.058, 2.00351
295.121, 2.00141
295.184, 2.00042
295.247, 2.00011
295.31, 2.00216
295.373, 2.00018
295.435, 1.99991
295.498, 2.00187
295.561, 2.00291
295.624, 2.00067
295.687, 2.00083
295.75, 2.0005
295.812, 2.00165
295.875, 2.00294
295.938, 1.99962
296.001, 2.00103
296.064, 2.00034
296.127, 1.99978
296.189, 2.0015
296.252, 1.99866
296.315, 1.99888
296.378, 1.99875
296.441, 1.99946
296.504, 1.9975
296.566, 1.99959
296.629, 1.99896
296.692, 2.00003
296.755, 1.99891
296.818, 1.99815
296.881, 2.00165
296.943, 2.00156
297.006, 2.0001
297.069, 1.99756
297.132, 1.99923
297.195, 1.99901
297.257, 2.0024
297.32, 2.00113
297.383, 2.00079
297.446, 2.00367
297.509, 2.00235
297.572, 2.00235
297.634, 2.00198
297.697, 1.99963
297.76, 1.9995
297.823, 1.99731
297.886, 1.99838
297.949, 2.00159
298.011, 2.00256
298.074, 2.00203
298.137, 2.00166
298.2, 2.00131
298.263, 2.00108
298.326, 2.00057
298.388, 2.00048
298.451, 2.00069
298.514, 2.00203
298.577, 1.99921
298.64, 2.00148
298.703, 2.00237
298.765, 2.00106
298.828, 2.00088
298.891, 2.00228
298.954, 2.002
299.017, 2.00079
299.08, 2.00311
299.142, 2.00253
299.205, 2.00071
299.268, 1.99905
299.331, 2.00007
299.394, 2.00177
299.457, 1.9995
299.519, 1.99976
299.582, 1.99905
299.645, 2.00202
299.708, 2.00231
299.771, 2.00345
299.834, 2.00349
299.896, 2.00225
299.959, 2.00148
300.022, 2.00114
300.085, 2.00069
300.148, 2.0006
300.211, 1.99901
300.273, 1.99979
300.336, 2.00005
300.399, 2.0023
300.462, 2.00085
300.525, 2.00183
300.588, 2.00122
300.65, 2.00145
300.713, 2.00093
300.776, 2.0023
300.839, 2.00271
300.902, 2.0009
300.965, 2.00019
301.027, 2.00328
301.09, 2.00138
301.153, 2.00507
301.216, 2.00223
301.279, 2.00247
301.342, 2.0023
301.404, 1.99826
301.467, 2.00225
301.53, 2.0022
301.593, 2.00122
301.656, 2.00158
301.719, 2.00306
301.781, 2.00343
301.844, 2.00036
301.907, 2.00327
301.97, 2.00301
302.033, 2.00288
302.096, 2.00023
302.158, 2.00171
302.221, 2.00568
302.284, 2.00336
302.347, 2.00166
302.41, 2.00187
302.473, 2.00235
302.535, 2.00248
302.598, 2.00042
302.661, 2.00323
302.724, 2.00197
302.787, 2.00223
302.85, 2.00157
302.912, 2.00328
302.975, 2.00192
303.038, 2.00181
303.101, 2.00282
303.164, 2.0013
303.227, 2.0002
303.289, 2.00312
303.352, 2.00172
303.415, 2.00154
303.478, 2.00374
303.541, 2.00127
303.604, 2.0009
303.666, 2.00139
303.729, 1.99938
303.792, 2.00192
303.855, 2.00201
303.918, 2.00173
303.981, 2.00087
304.043, 1.99898
304.106, 2.00139
304.169, 2.00211
304.232, 2.00332
304.295, 2.00116
304.357, 2.00278
304.42, 2.0039
304.483, 2.00405
304.546, 2.00217
304.609, 1.99919
304.672, 2.00037
304.734, 2.00042
304.797, 1.9997
304.86, 2.00143
304.923, 2.00309
304.986, 2.00223
305.049, 2.00148
305.111, 2.00137
305.174, 2.00074
305.237, 2.00117
305.3, 2.00123
305.363, 2.00092
305.426, 2.00231
305.488, 2.00207
305.551, 2.00007
305.614, 1.99933
305.677, 1.99984
305.74, 1.99966
305.803, 2.0006
305.865, 1.99973
305.928, 2.00201
305.991, 2.00065
306.054, 2.00074
306.117, 1.99967
306.18, 2.00088
306.242, 2.00252
306.305, 2.00177
306.368, 2.00295
306.431, 2.00373
306.494, 2.00321
306.557, 2.00067
306.619, 2.00225
306.682, 2.00122
306.745, 2.0034
306.808, 2.00023
306.871, 2.00054
306.934, 2.00097
306.996, 2.00057
307.059, 2.00156
307.122, 2.00199
307.185, 1.99894
307.248, 2.00136
307.311, 2.00054
307.373, 2.00243
307.436, 2.00075
307.499, 1.99895
307.562, 1.99841
307.625, 2.00103
307.688, 2.00166
307.75, 1.99923
307.813, 2.00134
307.876, 2.0014
307.939, 2.00046
308.002, 2.00184
308.065, 1.9999
308.127, 1.99836
308.19, 1.99963
308.253, 2.0014
308.316, 1.99972
308.379, 1.99807
308.442, 1.9978
308.504, 1.99959
308.567, 1.9996
308.63, 1.99889
308.693, 2.0032
308.756, 2.00098
308.819, 2.00168
308.881, 2.00157
308.944, 2.00089
309.007, 2.0025
309.07, 2.00204
309.133, 2.00073
309.196, 2.00186
309.258, 2.00041
309.321, 2.00137
309.384, 2.00325
309.447, 2.00162
309.51, 2.00342
309.573, 2.00167
309.635, 2.00059
309.698, 2.00204
309.761, 2.0019
309.824, 2.00495
309.887, 2.00268
309.95, 2.00248
310.012, 2.00269
310.075, 2.00456
310.138, 2.00333
310.201, 2.00225
310.264, 2.00358
310.327, 2.00575
310.389, 2.00246
310.452, 2.00173
310.515, 2.00114
310.578, 2.00074
310.641, 2.00199
310.704, 2.00251
310.766, 2.00316
310.829, 2.00118
310.892, 2.00077
310.955, 2.00425
311.018, 2.00328
311.081, 2.0033
311.143, 2.0016
311.206, 2.0012
311.269, 2.0017
311.332, 2.00214
311.395, 2.00035
311.457, 2.00213
311.52, 2.00226
311.583, 2.00056
311.646, 1.99991
311.709, 2.00521
311.772, 2.00248
311.834, 2.0028
311.897, 2.0002
311.96, 2.0006
312.023, 2.00167
312.086, 2.00211
312.149, 2.00089
312.211, 2.00224
312.274, 2.00409
312.337, 1.99991
312.4, 2.00125
312.463, 2.00124
312.526, 2.00054
312.588, 2.00317
312.651, 2.00252
312.714, 2.00439
312.777, 2.00262
312.84, 2.00032
312.903, 2.00149
312.965, 1.99793
313.028, 1.99968
313.091, 2.00063
313.154, 2.00133
313.217, 2.00149
313.28, 2.00155
313.342, 2.00139
313.405, 2.00194
313.468, 1.99947
313.531, 1.99939
313.594, 1.9998
313.657, 2.00158
313.719, 2.00286
313.782, 2.00161
313.845, 2.00386
313.908, 2.00236
313.971, 2.00263
314.034, 2.0019
314.096, 2.00204
314.159, 2.00226
